0.000000000000000000e+00 1.126724378924637493e-27
1.000000000000000056e-01 2.800208593814692120e-23
2.000000000000000111e-01 1.329042495848512203e-21
3.000000000000000444e-01 1.178212600786673793e-20
4.000000000000000222e-01 4.862078954018462915e-20
5.000000000000000000e-01 1.257111457243616888e-19
6.000000000000000888e-01 2.318597455119637542e-19
7.000000000000000666e-01 3.250081713509754416e-19
8.000000000000000444e-01 3.565632964504557316e-19
9.000000000000000222e-01 3.082605761631877071e-19
1.000000000000000000e+00 2.071583467289581043e-19
1.100000000000000089e+00 1.039763104728586878e-19
1.200000000000000178e+00 3.577136556824751451e-20
1.300000000000000044e+00 6.974380528526712244e-21
1.400000000000000133e+00 4.832942458402064238e-22
1.500000000000000000e+00 3.755946249610830648e-23
1.600000000000000089e+00 1.433957632659146738e-24
1.700000000000000178e+00 8.591844999964302198e-23
1.800000000000000044e+00 9.407248206495255212e-22
1.900000000000000133e+00 9.759547365200470639e-21
2.000000000000000000e+00 4.485648616318331454e-20
2.100000000000000089e+00 1.238184780456532464e-19
2.200000000000000178e+00 2.399233630007952459e-19
2.300000000000000266e+00 3.519009612596548102e-19
2.400000000000000355e+00 4.049813862083017607e-19
2.500000000000000000e+00 3.701535271220370326e-19
2.600000000000000089e+00 2.669144948780694799e-19
2.700000000000000178e+00 1.480180094650290561e-19
2.800000000000000266e+00 6.044016528429200508e-20
2.900000000000000355e+00 1.782074182479477561e-20
3.000000000000000000e+00 4.904088399184583961e-21
3.100000000000000089e+00 1.755303230873113030e-21
3.200000000000000178e+00 2.066878483430530118e-22
3.300000000000000266e+00 6.839010148965386769e-22
3.400000000000000355e+00 2.587737985699981349e-21
3.500000000000000000e+00 5.837134824268175471e-21
3.600000000000000089e+00 2.169424400157095663e-20
3.700000000000000178e+00 7.362252742729722422e-20
3.800000000000000266e+00 1.772612637533294478e-19
3.900000000000000355e+00 3.149721563599260870e-19
4.000000000000000000e+00 4.336866443486416316e-19
4.100000000000000533e+00 4.762522844125437175e-19
4.200000000000000178e+00 4.227888485704000734e-19
4.299999999999999822e+00 3.053882000829805893e-19
4.400000000000000355e+00 1.825318287666342073e-19
4.500000000000000000e+00 9.671013218885567797e-20
4.600000000000000533e+00 5.255827766512721816e-20
4.700000000000000178e+00 3.013160379281478036e-20
4.800000000000000711e+00 1.338996533478380259e-20
4.900000000000000355e+00 3.186340490049750850e-21
5.000000000000000000e+00 5.994382216540005426e-21
5.100000000000000533e+00 1.807815308193536707e-20
5.200000000000000178e+00 2.802646858196586504e-20
5.300000000000000711e+00 3.599176539235892037e-20
5.400000000000000355e+00 6.458882011373275800e-20
5.500000000000000000e+00 1.422776873899242370e-19
5.600000000000000533e+00 2.706323076692817367e-19
5.700000000000000178e+00 4.089104718833543496e-19
5.800000000000000711e+00 4.966274252858994434e-19
5.900000000000000355e+00 4.978535217757326427e-19
6.000000000000000000e+00 4.273251828678617870e-19
6.100000000000000533e+00 3.340132580886156223e-19
6.200000000000000178e+00 2.583994535762351404e-19
6.300000000000000711e+00 2.046114633412558412e-19
6.400000000000000355e+00 1.521969391106006360e-19
6.500000000000000000e+00 9.129271552381924856e-20
6.600000000000000533e+00 4.142885619606721056e-20
6.700000000000000178e+00 3.276608197482472536e-20
6.800000000000000711e+00 6.986847858185950571e-20
6.900000000000000355e+00 1.187995162480758359e-19
7.000000000000000000e+00 1.356012163743383368e-19
7.100000000000000533e+00 1.105123253612960519e-19
7.200000000000000178e+00 8.300041458498150359e-20
7.300000000000000711e+00 1.094057863807207684e-19
7.400000000000000355e+00 2.121366154009257587e-19
7.500000000000000000e+00 3.590407499755956436e-19
7.600000000000000533e+00 4.925985337767775978e-19
7.700000000000000178e+00 5.791432295342509864e-19
7.800000000000000711e+00 6.286420835976425686e-19
7.900000000000000355e+00 6.666424875064388469e-19
8.000000000000000000e+00 6.909642092520570307e-19
8.099999999999999645e+00 6.636873825165953466e-19
8.200000000000001066e+00 5.532863508034514372e-19
8.300000000000000711e+00 3.865113964082391794e-19
8.400000000000000355e+00 2.520196592394402776e-19
8.500000000000000000e+00 2.395555542316044849e-19
8.599999999999999645e+00 3.625272212174200722e-19
8.700000000000001066e+00 5.348325769554119668e-19
8.800000000000000711e+00 6.290226452639132426e-19
8.900000000000000355e+00 5.704122216576521450e-19
9.000000000000000000e+00 3.887394828322753295e-19
9.099999999999999645e+00 1.873864262532646852e-19
9.200000000000001066e+00 6.395138891389992109e-20
9.300000000000000711e+00 5.509503977084655125e-20
9.400000000000000355e+00 1.468835432773214135e-19
9.500000000000000000e+00 3.229935127296870158e-19
9.600000000000001421e+00 5.873263680878764061e-19
9.700000000000001066e+00 9.315211793594430761e-19
9.800000000000000711e+00 1.286619840443693129e-18
9.900000000000000355e+00 1.528289688216492850e-18
1.000000000000000000e+01 1.558774630188785955e-18
1.010000000000000142e+01 1.405882951059701131e-18
1.020000000000000107e+01 1.242534759457144097e-18
1.030000000000000071e+01 1.285374292792582145e-18
1.040000000000000036e+01 1.636135390920623589e-18
1.050000000000000000e+01 2.190046861834230748e-18
1.060000000000000142e+01 2.690306413399414268e-18
1.070000000000000107e+01 2.890552599211908659e-18
1.080000000000000071e+01 2.700069555679706132e-18
1.090000000000000036e+01 2.206864105688513025e-18
1.100000000000000000e+01 1.582531940674722916e-18
1.110000000000000142e+01 9.697788675214321631e-19
1.120000000000000107e+01 4.510578688937123921e-19
1.130000000000000071e+01 1.016411751656380577e-19
1.140000000000000036e+01 3.837190643197184962e-20
1.150000000000000000e+01 3.793422126383678069e-19
1.160000000000000142e+01 1.129368393785138350e-18
1.170000000000000107e+01 2.104010537034986114e-18
1.180000000000000071e+01 2.997704634909903439e-18
1.190000000000000036e+01 3.581840712983635156e-18
1.200000000000000000e+01 3.889250303946054057e-18
1.210000000000000142e+01 4.226033511369817854e-18
1.220000000000000107e+01 4.977336219976667419e-18
1.230000000000000071e+01 6.340179982475008284e-18
1.240000000000000036e+01 8.179802486898922919e-18
1.250000000000000000e+01 1.010763328877638807e-17
1.260000000000000142e+01 1.170197114797711717e-17
1.270000000000000107e+01 1.268992556063681311e-17
1.280000000000000071e+01 1.296746514094435726e-17
1.290000000000000036e+01 1.249621557908928301e-17
1.300000000000000000e+01 1.122853585300607572e-17
1.310000000000000142e+01 9.171614525607849819e-18
1.320000000000000107e+01 6.544194457870580403e-18
1.330000000000000071e+01 3.856563893113942423e-18
1.340000000000000036e+01 1.780572646477565200e-18
1.350000000000000000e+01 8.527202794580632268e-19
1.360000000000000142e+01 1.217101603009090209e-18
1.370000000000000107e+01 2.612649452110661830e-18
1.380000000000000071e+01 4.628093194329437143e-18
1.390000000000000036e+01 7.034549139329965630e-18
1.400000000000000000e+01 9.942243698732659284e-18
1.410000000000000142e+01 1.367209440152694948e-17
1.420000000000000107e+01 1.846345371749001853e-17
1.430000000000000071e+01 2.425900070127618427e-17
1.440000000000000036e+01 3.071631485251023338e-17
1.450000000000000000e+01 3.737982469189997399e-17
1.460000000000000142e+01 4.380552524230945095e-17
1.470000000000000107e+01 4.949667165028929024e-17
1.480000000000000071e+01 5.372735095759388577e-17
1.490000000000000036e+01 5.549764130305457048e-17
1.500000000000000000e+01 5.380995264970827418e-17
1.510000000000000142e+01 4.819699313171028952e-17
1.520000000000000107e+01 3.917568170461063323e-17
1.530000000000000071e+01 2.827532134125651275e-17
1.540000000000000036e+01 1.754348193342684359e-17
1.550000000000000000e+01 8.789707847405197301e-18
1.560000000000000142e+01 3.011696406195941648e-18
1.570000000000000107e+01 3.154919878254997142e-19
1.580000000000000071e+01 2.938566261461316196e-19
1.590000000000000036e+01 2.533925100421176814e-18
1.600000000000000000e+01 6.902476758567811595e-18
1.610000000000000142e+01 1.349510587060535369e-17
1.619999999999999929e+01 2.241581121319720908e-17
1.630000000000000071e+01 3.363885771665772533e-17
1.640000000000000213e+01 4.704181939989946532e-17
1.650000000000000000e+01 6.245939564005626690e-17
1.660000000000000142e+01 7.953420319772550854e-17
1.669999999999999929e+01 9.732794393639394925e-17
1.680000000000000071e+01 1.139564901435887063e-16
1.690000000000000213e+01 1.266489156604429239e-16
1.700000000000000000e+01 1.324385234826892146e-16
1.710000000000000142e+01 1.292693552169816854e-16
1.719999999999999929e+01 1.169536779235904600e-16
1.730000000000000071e+01 9.742296691664838891e-17
1.740000000000000213e+01 7.410354217558608208e-17
1.750000000000000000e+01 5.075882672375077386e-17
1.760000000000000142e+01 3.041850471139880101e-17
1.769999999999999929e+01 1.488032343285570902e-17
1.780000000000000071e+01 4.848935780701901304e-18
1.790000000000000213e+01 3.930304567588887081e-19
1.800000000000000000e+01 1.323662927893592808e-18
1.810000000000000142e+01 7.328582075347486195e-18
1.819999999999999929e+01 1.799666292930935488e-17
1.830000000000000071e+01 3.295730258236357641e-17
1.840000000000000213e+01 5.216720787437583599e-17
1.850000000000000000e+01 7.609113043611069611e-17
1.860000000000000142e+01 1.054373399259678117e-16
1.869999999999999929e+01 1.403612736284293060e-16
1.880000000000000071e+01 1.794898590760022019e-16
1.890000000000000213e+01 2.194033032463822714e-16
1.900000000000000000e+01 2.550726449746453087e-16
1.910000000000000142e+01 2.812249040562845815e-16
1.920000000000000284e+01 2.940288211847836684e-16
1.930000000000000071e+01 2.922624412297215360e-16
1.940000000000000213e+01 2.774119438011173490e-16
1.950000000000000000e+01 2.527705789487128863e-16
1.960000000000000142e+01 2.221399316561441586e-16
1.970000000000000284e+01 1.888424679416027347e-16
1.980000000000000071e+01 1.554038971217551826e-16
1.990000000000000213e+01 1.237504729538374503e-16
2.000000000000000000e+01 9.546993110494487431e-17
2.010000000000000142e+01 7.179121093484046187e-17
2.020000000000000284e+01 5.331117552024617588e-17
2.030000000000000071e+01 3.980307846804777700e-17
2.040000000000000213e+01 3.042165908312648795e-17
2.050000000000000000e+01 2.429077666516627920e-17
2.060000000000000142e+01 2.109773358149789770e-17
2.070000000000000284e+01 2.123582775138878252e-17
2.080000000000000071e+01 2.532940663032345858e-17
2.090000000000000213e+01 3.344009985443471551e-17
2.100000000000000000e+01 4.453593231193470736e-17
2.110000000000000142e+01 5.667328476843129093e-17
2.120000000000000284e+01 6.786643766178642979e-17
2.130000000000000071e+01 7.713008491296695340e-17
2.140000000000000213e+01 8.502919301636307605e-17
2.150000000000000000e+01 9.337094938498753697e-17
2.160000000000000142e+01 1.042202092802765601e-16
2.170000000000000284e+01 1.188341564923625655e-16
2.180000000000000071e+01 1.371184698810632460e-16
2.190000000000000213e+01 1.578237008426946402e-16
2.200000000000000000e+01 1.792152209275327710e-16
2.210000000000000142e+01 1.997047400631779030e-16
2.220000000000000284e+01 2.180728627631944568e-16
2.230000000000000071e+01 2.332982376702387336e-16
2.240000000000000213e+01 2.443284254103685548e-16
2.250000000000000000e+01 2.501380178446720846e-16
2.260000000000000142e+01 2.501291322541597743e-16
2.270000000000000284e+01 2.445796991413951894e-16
2.280000000000000071e+01 2.347231691979605000e-16
2.290000000000000213e+01 2.222627633065811195e-16
2.300000000000000000e+01 2.085325686364879342e-16
2.310000000000000142e+01 1.938165199591528290e-16
2.320000000000000284e+01 1.772922177774336661e-16
2.330000000000000071e+01 1.576923207956058444e-16
2.340000000000000213e+01 1.343183756608930509e-16
2.350000000000000000e+01 1.078100991920279063e-16
2.360000000000000142e+01 8.022029396811627723e-17
2.370000000000000284e+01 5.436734052117559496e-17
2.380000000000000071e+01 3.285171374030287770e-17
2.390000000000000213e+01 1.726961173009683078e-17
2.400000000000000000e+01 7.971004055416298157e-18
2.410000000000000142e+01 4.348104595010224188e-18
2.420000000000000284e+01 5.356274301750020726e-18
2.430000000000000071e+01 9.928346624307831885e-18
2.440000000000000213e+01 1.712194653020494576e-17
2.450000000000000000e+01 2.606755446769694994e-17
2.460000000000000142e+01 3.588978797222417783e-17
2.470000000000000284e+01 4.570863120725943693e-17
2.480000000000000071e+01 5.468945519074031194e-17
2.490000000000000213e+01 6.204552849656493372e-17
2.500000000000000000e+01 6.696827601794533215e-17
2.510000000000000142e+01 6.859517448711139726e-17
2.520000000000000284e+01 6.617836526617927935e-17
2.530000000000000071e+01 5.950235178119005504e-17
2.540000000000000213e+01 4.937439089814607738e-17
2.550000000000000000e+01 3.785414349511594859e-17
2.560000000000000142e+01 2.795534080443787896e-17
2.570000000000000284e+01 2.284895355817764693e-17
2.580000000000000071e+01 2.494711630804759217e-17
2.590000000000000213e+01 3.540361547962244656e-17
2.600000000000000000e+01 5.439172387348689209e-17
2.610000000000000142e+01 8.209490861384346810e-17
2.620000000000000284e+01 1.199322065378068101e-16
2.630000000000000071e+01 1.714026199569806845e-16
2.640000000000000213e+01 2.421526382804383052e-16
2.650000000000000000e+01 3.392865462391514544e-16
2.660000000000000142e+01 4.702605148757961966e-16
2.670000000000000284e+01 6.417262406807245066e-16
2.680000000000000071e+01 8.584573236203216595e-16
2.690000000000000213e+01 1.122253300726011805e-15
2.700000000000000000e+01 1.430737333127419081e-15
2.710000000000000142e+01 1.776296064742818930e-15
2.720000000000000284e+01 2.145806905117546408e-15
2.730000000000000071e+01 2.521871478283998984e-15
2.740000000000000213e+01 2.885787336351373544e-15
2.750000000000000000e+01 3.221582043792611512e-15
2.760000000000000142e+01 3.519627307641984760e-15
2.770000000000000284e+01 3.778211165750952295e-15
2.780000000000000071e+01 4.002237755521768122e-15
2.790000000000000213e+01 4.199620213782042301e-15
2.800000000000000000e+01 4.377182349259467311e-15
2.810000000000000142e+01 4.538213906158640367e-15
2.820000000000000284e+01 4.682961985973915359e-15
2.830000000000000071e+01 4.811721366387335526e-15
2.840000000000000213e+01 4.928748656364342544e-15
2.850000000000000000e+01 5.044842684309275421e-15
2.860000000000000142e+01 5.177357071980567748e-15
2.870000000000000284e+01 5.348067390118200378e-15
2.880000000000000071e+01 5.580644384354448988e-15
2.890000000000000213e+01 5.899584234301411936e-15
2.900000000000000000e+01 6.331195534736741364e-15
2.910000000000000142e+01 6.905406313397299106e-15
2.920000000000000284e+01 7.655955439542326468e-15
2.930000000000000071e+01 8.616869053715332232e-15
2.940000000000000213e+01 9.814966578821037952e-15
2.950000000000000000e+01 1.126048434459937336e-14
2.960000000000000142e+01 1.293934647686728717e-14
2.970000000000000284e+01 1.481022943092635005e-14
2.980000000000000071e+01 1.680751021680176225e-14
2.990000000000000213e+01 1.884865057934087497e-14
3.000000000000000000e+01 2.084305602272425682e-14
3.010000000000000142e+01 2.269982419643336792e-14
3.020000000000000284e+01 2.433373799379345818e-14
3.030000000000000071e+01 2.567096709627790382e-14
3.040000000000000213e+01 2.665669411820112155e-14
3.050000000000000000e+01 2.726557185373165670e-14
3.060000000000000142e+01 2.751323975277650936e-14
3.070000000000000284e+01 2.746480131787282145e-14
3.080000000000000071e+01 2.723590787436797572e-14
3.090000000000000213e+01 2.698446215920822059e-14
3.100000000000000000e+01 2.689489466109015078e-14
3.110000000000000142e+01 2.716028764510444109e-14
3.120000000000000284e+01 2.796830045935094065e-14
3.130000000000000071e+01 2.949428550306958784e-14
3.140000000000000213e+01 3.190049120649217536e-14
3.150000000000000000e+01 3.533639449664435597e-14
3.160000000000000142e+01 3.993436863676577990e-14
3.170000000000000284e+01 4.579775678568761880e-14
3.180000000000000071e+01 5.298354454221627106e-14
3.190000000000000213e+01 6.148627718333117955e-14
3.200000000000000000e+01 7.123099565632802642e-14
3.210000000000000142e+01 8.207986786339650443e-14
3.220000000000000284e+01 9.385140748562853316e-14
3.230000000000000426e+01 1.063457705782852408e-13
3.239999999999999858e+01 1.193675588712203800e-13
3.250000000000000000e+01 1.327398422622952801e-13
3.260000000000000142e+01 1.463083411115601277e-13
3.270000000000000284e+01 1.599397455588544474e-13
3.280000000000000426e+01 1.735201422480040240e-13
3.289999999999999858e+01 1.869574694365229730e-13
3.300000000000000000e+01 2.001873894018621408e-13
3.310000000000000142e+01 2.131780385919846934e-13
3.320000000000000284e+01 2.259285290238562480e-13
3.330000000000000426e+01 2.384593670631946700e-13
3.339999999999999858e+01 2.507981394094516665e-13
3.350000000000000000e+01 2.629673854619768121e-13
3.360000000000000142e+01 2.749808264583109656e-13
3.370000000000000284e+01 2.868488993360576103e-13
3.380000000000000426e+01 2.985876991476976922e-13
3.389999999999999858e+01 3.102213099342771518e-13
3.400000000000000000e+01 3.217693957604222957e-13
3.410000000000000142e+01 3.332198918458911750e-13
3.420000000000000284e+01 3.444970460572108035e-13
3.430000000000000426e+01 3.554422516236127997e-13
3.439999999999999858e+01 3.658244606742056449e-13
3.450000000000000000e+01 3.753875149184198959e-13
3.460000000000000142e+01 3.839271200221212495e-13
3.470000000000000284e+01 3.913769607701724864e-13
3.480000000000000426e+01 3.978778765139708453e-13
3.489999999999999858e+01 4.038087139702838897e-13
3.500000000000000000e+01 4.097702521213712963e-13
3.510000000000000142e+01 4.165284481595033533e-13
3.520000000000000284e+01 4.249336587084461392e-13
3.530000000000000426e+01 4.358347475729850232e-13
3.539999999999999858e+01 4.500019094718030454e-13
3.550000000000000000e+01 4.680640907839931261e-13
3.560000000000000142e+01 4.904613364821031400e-13
3.570000000000000284e+01 5.174120668629199068e-13
3.580000000000000426e+01 5.488989304100950259e-13
3.589999999999999858e+01 5.846801252976205943e-13
3.600000000000000000e+01 6.243313535351571836e-13
3.610000000000000142e+01 6.673153592070350544e-13
3.620000000000000284e+01 7.130642798855122052e-13
3.630000000000000426e+01 7.610512030521191087e-13
3.639999999999999858e+01 8.108273680466035381e-13
3.650000000000000000e+01 8.620127198565018286e-13
3.660000000000000142e+01 9.142462116330215205e-13
3.670000000000000284e+01 9.671203083109841078e-13
3.680000000000000426e+01 1.020132669513018723e-12
3.689999999999999858e+01 1.072682270031671250e-12
3.700000000000000000e+01 1.124119131726577165e-12
3.710000000000000142e+01 1.173834468919256797e-12
3.720000000000000284e+01 1.221361513812814415e-12
3.730000000000000426e+01 1.266453951454875775e-12
3.739999999999999858e+01 1.309119498975750971e-12
3.750000000000000000e+01 1.349604824961922614e-12
3.760000000000000142e+01 1.388345321068473116e-12
3.770000000000000284e+01 1.425901461670346175e-12
3.780000000000000426e+01 1.462900260078415738e-12
3.789999999999999858e+01 1.499989699563567697e-12
3.800000000000000000e+01 1.537803475452546108e-12
3.810000000000000142e+01 1.576929472843702435e-12
3.820000000000000284e+01 1.617879633714990711e-12
3.830000000000000426e+01 1.661067138248073866e-12
3.840000000000000568e+01 1.706801894598486612e-12
3.850000000000000000e+01 1.755311769101363071e-12
3.860000000000000142e+01 1.806784759139561216e-12
3.870000000000000284e+01 1.861412694773709903e-12
3.880000000000000426e+01 1.919409337617913848e-12
3.890000000000000568e+01 1.980981868646992966e-12
3.900000000000000000e+01 2.046254771448162402e-12
3.910000000000000142e+01 2.115170962095749316e-12
3.920000000000000284e+01 2.187414029457873592e-12
3.930000000000000426e+01 2.262396643175965750e-12
3.940000000000000568e+01 2.339340314806177715e-12
3.950000000000000000e+01 2.417437578556314470e-12
3.960000000000000142e+01 2.496053699544933298e-12
3.970000000000000284e+01 2.574906224953424060e-12
3.980000000000000426e+01 2.654165676862225206e-12
3.990000000000000568e+01 2.734447188304691153e-12
4.000000000000000000e+01 2.816698971362462066e-12
4.010000000000000142e+01 2.902023461433156091e-12
4.020000000000000284e+01 2.991478982092408844e-12
4.030000000000000426e+01 3.085901376992716056e-12
4.040000000000000568e+01 3.185763881976180130e-12
4.050000000000000000e+01 3.291072579228224884e-12
4.060000000000000142e+01 3.401285477633601053e-12
4.070000000000000284e+01 3.515249323702796628e-12
4.080000000000000426e+01 3.631164248493140344e-12
4.090000000000000568e+01 3.746601021637758798e-12
4.100000000000000000e+01 3.858598475060093849e-12
4.110000000000000142e+01 3.963855526140408502e-12
4.120000000000000284e+01 4.059007762869749339e-12
4.130000000000000426e+01 4.140953392196177753e-12
4.140000000000000568e+01 4.207178232444620300e-12
4.150000000000000000e+01 4.256029695843121587e-12
4.160000000000000142e+01 4.286902938384995124e-12
4.170000000000000284e+01 4.300320587545434685e-12
4.180000000000000426e+01 4.297902403251326966e-12
4.190000000000000568e+01 4.282229288322733722e-12
4.200000000000000000e+01 4.256610088231188104e-12
4.210000000000000142e+01 4.224766236963283203e-12
4.220000000000000284e+01 4.190463443926226697e-12
4.230000000000000426e+01 4.157139652334004800e-12
4.240000000000000568e+01 4.127595237099749980e-12
4.250000000000000000e+01 4.103812300197782776e-12
4.260000000000000142e+01 4.086946348712647243e-12
4.270000000000000284e+01 4.077487654673711908e-12
4.280000000000000426e+01 4.075535510199112766e-12
4.290000000000000568e+01 4.081088253051345011e-12
4.300000000000000000e+01 4.094244780977801703e-12
4.310000000000000142e+01 4.115246397904149905e-12
4.320000000000000284e+01 4.144350904632367254e-12
4.330000000000000426e+01 4.181599202419072956e-12
4.340000000000000568e+01 4.226579617041769781e-12
4.350000000000000000e+01 4.278296942282520715e-12
4.360000000000000142e+01 4.335210431561924346e-12
4.370000000000000284e+01 4.395435754152290034e-12
4.380000000000000426e+01 4.457039986072258144e-12
4.390000000000000568e+01 4.518324059843173420e-12
4.400000000000000000e+01 4.577997520442213283e-12
4.410000000000000142e+01 4.635199750477415022e-12
4.420000000000000284e+01 4.689387228199824292e-12
4.430000000000000426e+01 4.740159363953016159e-12
4.440000000000000568e+01 4.787114559193358420e-12
4.450000000000000000e+01 4.829807806152175130e-12
4.460000000000000142e+01 4.867832760892104523e-12
4.470000000000000284e+01 4.900996586932955035e-12
4.480000000000000426e+01 4.929516795659694421e-12
4.490000000000000568e+01 4.954158828656444152e-12
4.500000000000000000e+01 4.976251646938075922e-12
4.510000000000000142e+01 4.997556400683263610e-12
4.520000000000000284e+01 5.020006543291874375e-12
4.530000000000000426e+01 5.045374557144219343e-12
4.540000000000000568e+01 5.074943696399683356e-12
4.550000000000000000e+01 5.109269879992050372e-12
4.560000000000000142e+01 5.148107974899306517e-12
4.570000000000000284e+01 5.190547609668560931e-12
4.580000000000000426e+01 5.235357465232223778e-12
4.590000000000000568e+01 5.281479816355358095e-12
4.600000000000000000e+01 5.328562170339718258e-12
4.610000000000000142e+01 5.377379003739638396e-12
4.620000000000000284e+01 5.430001803591313192e-12
4.630000000000000426e+01 5.489627871251178983e-12
4.640000000000000568e+01 5.560068681279660162e-12
4.650000000000000000e+01 5.645000448599165327e-12
4.660000000000000142e+01 5.747157221664279406e-12
4.670000000000000284e+01 5.867669462167884430e-12
4.680000000000000426e+01 6.005707154093481616e-12
4.690000000000000568e+01 6.158490722319150407e-12
4.700000000000000000e+01 6.321621932794924161e-12
4.710000000000000142e+01 6.489603868015209309e-12
4.720000000000000284e+01 6.656395181552302238e-12
4.730000000000000426e+01 6.815883826149788342e-12
4.740000000000000568e+01 6.962245197034398975e-12
4.750000000000000000e+01 7.090227428682265076e-12
4.760000000000000142e+01 7.195442755588722475e-12
4.770000000000000284e+01 7.274720109694129035e-12
4.780000000000000426e+01 7.326502412338920017e-12
4.790000000000000568e+01 7.351189455686859428e-12
4.800000000000000000e+01 7.351278439697940926e-12
4.810000000000000142e+01 7.331170068731980540e-12
4.820000000000000284e+01 7.296590588804568887e-12
4.830000000000000426e+01 7.253700693030540958e-12
4.840000000000000568e+01 7.208073921527130510e-12
4.850000000000000000e+01 7.163785190881079510e-12
4.860000000000000142e+01 7.122830735423375063e-12
4.870000000000000284e+01 7.085010724611870876e-12
4.880000000000000426e+01 7.048278078618710437e-12
4.890000000000000568e+01 7.009436165339472617e-12
4.900000000000000000e+01 6.964992259205726841e-12
4.910000000000000142e+01 6.911961223495385794e-12
4.920000000000000284e+01 6.848459475731127679e-12
4.930000000000000426e+01 6.774009520041154676e-12
4.940000000000000568e+01 6.689560132085551270e-12
4.950000000000000000e+01 6.597291078866574456e-12
4.960000000000000142e+01 6.500299993149278534e-12
4.970000000000000284e+01 6.402261514465410105e-12
4.980000000000000426e+01 6.307114296683895356e-12
4.990000000000000568e+01 6.218785367841817840e-12
5.000000000000000000e+01 6.140921295707331260e-12
5.010000000000000142e+01 6.076577681820400019e-12
5.020000000000000284e+01 6.027833026843315756e-12
5.030000000000000426e+01 5.995340024075838309e-12
5.040000000000000568e+01 5.977893424618334145e-12
5.050000000000000000e+01 5.972152876320574659e-12
5.060000000000000142e+01 5.972680318094947609e-12
5.070000000000000284e+01 5.972410693425037361e-12
5.080000000000000426e+01 5.963568907026767607e-12
5.090000000000000568e+01 5.938900573668516688e-12
5.100000000000000000e+01 5.892949154982868722e-12
5.110000000000000142e+01 5.823044998423722377e-12
5.120000000000000284e+01 5.729713181038580074e-12
5.130000000000000426e+01 5.616359221375734872e-12
5.140000000000000568e+01 5.488311212030176720e-12
5.150000000000000000e+01 5.351506682298671133e-12
5.160000000000000142e+01 5.211231014419637380e-12
5.170000000000000284e+01 5.071289822332678357e-12
5.180000000000000426e+01 4.933833108645645277e-12
5.190000000000000568e+01 4.799804026550928617e-12
5.200000000000000000e+01 4.669754301610948407e-12
5.210000000000000142e+01 4.544643077409017796e-12
5.220000000000000284e+01 4.426265500850456081e-12
5.230000000000000426e+01 4.317128108136834238e-12
5.240000000000000568e+01 4.219828481533946240e-12
5.250000000000000000e+01 4.136207453777993507e-12
5.260000000000000142e+01 4.066637778379853172e-12
5.270000000000000284e+01 4.009757211412179217e-12
5.280000000000000426e+01 3.962772797537598515e-12
5.290000000000000568e+01 3.922233587671124595e-12
5.300000000000000000e+01 3.884985083046274173e-12
5.310000000000000142e+01 3.848953001216252554e-12
5.320000000000000284e+01 3.813479376748148144e-12
5.330000000000000426e+01 3.779116709244887453e-12
5.340000000000000568e+01 3.747001021368294089e-12
5.350000000000000000e+01 3.718087255120643397e-12
5.360000000000000142e+01 3.692578061553597636e-12
5.370000000000000284e+01 3.669792818364993942e-12
5.380000000000000426e+01 3.648540900815139072e-12
5.390000000000000568e+01 3.627851966751746373e-12
5.400000000000000000e+01 3.607757052209909014e-12
5.410000000000000142e+01 3.589769871959237912e-12
5.420000000000000284e+01 3.576808863215887392e-12
5.430000000000000426e+01 3.572498379760545842e-12
5.440000000000000568e+01 3.580022126909400982e-12
5.450000000000000000e+01 3.600886224175317347e-12
5.460000000000000142e+01 3.634010504175407064e-12
5.470000000000000284e+01 3.675475238239320625e-12
5.480000000000000426e+01 3.719034672814662765e-12
5.490000000000000568e+01 3.757247279266162211e-12
5.500000000000000000e+01 3.782866459350994083e-12
5.510000000000000142e+01 3.790067205812988151e-12
5.520000000000000284e+01 3.775182094292397708e-12
5.530000000000000426e+01 3.736841929178237867e-12
5.540000000000000568e+01 3.675664720263224956e-12
5.550000000000000000e+01 3.593799020390995002e-12
5.560000000000000142e+01 3.494628080161392274e-12
5.570000000000000284e+01 3.382778260669792675e-12
5.580000000000000426e+01 3.264327230005947322e-12
5.590000000000000568e+01 3.146900563797361475e-12
5.600000000000000000e+01 3.039294685828898008e-12
5.610000000000000142e+01 2.950416506558467349e-12
5.620000000000000284e+01 2.887635346042727301e-12
5.630000000000000426e+01 2.854969495923141412e-12
5.640000000000000568e+01 2.851722398439981048e-12
5.650000000000000000e+01 2.872134262496695153e-12
5.660000000000000142e+01 2.906318648144091158e-12
5.670000000000000284e+01 2.942316252438593659e-12
5.680000000000000426e+01 2.968694880130233868e-12
5.690000000000000568e+01 2.976923330560483068e-12
5.700000000000000000e+01 2.962833293336485920e-12
5.710000000000000142e+01 2.926821680854060189e-12
5.720000000000000284e+01 2.872894726301495377e-12
5.730000000000000426e+01 2.807030628314826505e-12
5.740000000000000568e+01 2.735494307964694470e-12
5.750000000000000000e+01 2.663631561151108461e-12
5.760000000000000142e+01 2.595371596673565657e-12
5.770000000000000284e+01 2.533325327260833852e-12
5.780000000000000426e+01 2.479136896288012970e-12
5.790000000000000568e+01 2.433718910065337283e-12
5.800000000000000000e+01 2.397167678283758240e-12
5.810000000000000142e+01 2.368413520372310616e-12
5.820000000000000284e+01 2.344875185869881922e-12
5.830000000000000426e+01 2.322447898413247930e-12
5.840000000000000568e+01 2.296031457804783396e-12
5.850000000000000000e+01 2.260558025346224244e-12
5.860000000000000142e+01 2.212227400077177273e-12
5.870000000000000284e+01 2.149521808052130040e-12
5.880000000000000426e+01 2.073620092130376783e-12
5.890000000000000568e+01 1.988046902336974682e-12
5.900000000000000000e+01 1.897684816013680276e-12
5.910000000000000142e+01 1.807520617634241709e-12
5.920000000000000284e+01 1.721586454336653404e-12
5.930000000000000426e+01 1.642453816962667388e-12
5.940000000000000568e+01 1.571387730053256188e-12
5.950000000000000000e+01 1.508978561788249530e-12
5.960000000000000142e+01 1.455865572428424930e-12
5.970000000000000284e+01 1.413139342660831334e-12
5.980000000000000426e+01 1.382173289195127977e-12
5.990000000000000568e+01 1.363917874113945063e-12
6.000000000000000000e+01 1.357969876740006778e-12
6.010000000000000142e+01 1.361876301820983122e-12
6.020000000000000284e+01 1.371075436938186887e-12
6.030000000000000426e+01 1.379632194064211607e-12
6.040000000000000568e+01 1.381592219093564743e-12
6.050000000000000000e+01 1.372503402546413721e-12
6.060000000000000142e+01 1.350558133149579669e-12
6.070000000000000284e+01 1.316941710188575065e-12
6.080000000000000426e+01 1.275278162539616765e-12
6.090000000000000568e+01 1.230412476982857365e-12
6.100000000000000000e+01 1.187006955148242345e-12
6.110000000000000142e+01 1.148458249354487248e-12
6.120000000000000284e+01 1.116456448297702125e-12
6.130000000000000426e+01 1.091202146637087793e-12
6.140000000000000568e+01 1.072017671185265341e-12
6.150000000000000000e+01 1.057962175211776120e-12
6.160000000000000142e+01 1.048135463522926181e-12
6.170000000000000284e+01 1.041580017380518992e-12
6.180000000000000426e+01 1.036941032450367318e-12
6.190000000000000568e+01 1.032189240426856652e-12
6.200000000000000000e+01 1.024678837361457312e-12
6.210000000000000142e+01 1.011625277881697427e-12
6.220000000000000284e+01 9.908478157936204598e-13
6.230000000000000426e+01 9.614580155058239838e-13
6.240000000000000568e+01 9.241751756341232488e-13
6.250000000000000000e+01 8.811139388294291101e-13
6.260000000000000142e+01 8.351340805537487196e-13
6.270000000000000284e+01 7.890424531438406144e-13
6.280000000000000426e+01 7.449911494017147595e-13
6.290000000000000568e+01 7.042985610439547372e-13
6.300000000000000000e+01 6.676933231865396478e-13
6.310000000000000142e+01 6.357623811125200684e-13
6.320000000000000284e+01 6.092857162606361703e-13
6.330000000000000426e+01 5.892118750483687022e-13
6.340000000000000568e+01 5.762338275336221530e-13
6.350000000000000000e+01 5.701592984388895209e-13
6.360000000000000142e+01 5.694134299640924602e-13
6.370000000000000284e+01 5.709884321260649235e-13
6.380000000000000426e+01 5.709704618916311807e-13
6.390000000000000568e+01 5.655132731021174416e-13
6.400000000000000000e+01 5.519143605005919863e-13
6.410000000000000853e+01 5.293844952681430778e-13
6.420000000000000284e+01 4.992177548135962059e-13
6.429999999999999716e+01 4.643132222915297758e-13
6.440000000000000568e+01 4.282588402303101669e-13
6.450000000000000000e+01 3.943446391528703059e-13
6.460000000000000853e+01 3.648601293843482984e-13
6.470000000000000284e+01 3.408648164728658094e-13
6.479999999999999716e+01 3.223901433987459467e-13
6.490000000000000568e+01 3.088514789249534626e-13
6.500000000000000000e+01 2.994041794231801060e-13
6.510000000000000853e+01 2.930785747386915387e-13
6.520000000000000284e+01 2.887080077218232533e-13
6.529999999999999716e+01 2.848150735314873122e-13
6.540000000000000568e+01 2.796564035756853335e-13
6.550000000000000000e+01 2.715260601312078216e-13
6.560000000000000853e+01 2.592414983325150290e-13
6.570000000000000284e+01 2.425899167969744033e-13
6.579999999999999716e+01 2.224883146975689808e-13
6.590000000000000568e+01 2.007312907762876503e-13
6.600000000000000000e+01 1.794057269416965229e-13
6.610000000000000853e+01 1.602277771281296458e-13
6.620000000000000284e+01 1.441031354007307216e-13
6.629999999999999716e+01 1.310953695920110906e-13
6.640000000000000568e+01 1.207696030627623809e-13
6.650000000000000000e+01 1.126800792069767907e-13
6.660000000000000853e+01 1.067024614678515366e-13
6.670000000000000284e+01 1.030147979622534114e-13
6.679999999999999716e+01 1.017475283586367651e-13
6.690000000000000568e+01 1.025294183229362257e-13
6.700000000000000000e+01 1.042334520877375750e-13
6.710000000000000853e+01 1.051275898992586956e-13
6.720000000000000284e+01 1.034131503296487523e-13
6.729999999999999716e+01 9.791214068735811172e-14
6.740000000000000568e+01 8.856823625537136215e-14
6.750000000000000000e+01 7.650864370572338942e-14
6.760000000000000853e+01 6.363039910800868954e-14
6.770000000000000284e+01 5.190661231326325483e-14
6.779999999999999716e+01 4.273230076241149775e-14
6.790000000000000568e+01 3.658551077981212076e-14
6.800000000000000000e+01 3.310102741135484835e-14
6.810000000000000853e+01 3.144530013958848437e-14
6.820000000000000284e+01 3.075518933209951823e-14
6.829999999999999716e+01 3.041815105755490321e-14
6.840000000000000568e+01 3.010274704287019472e-14
6.850000000000000000e+01 2.960847081215008333e-14
6.860000000000000853e+01 2.869772891421369777e-14
6.870000000000000284e+01 2.705321947259939601e-14
6.879999999999999716e+01 2.439538647774871368e-14
6.890000000000000568e+01 2.067318542839472585e-14
6.900000000000000000e+01 1.618527971258337218e-14
6.910000000000000853e+01 1.153048866228831783e-14
6.920000000000000284e+01 7.395086093113277371e-15
6.929999999999999716e+01 4.288495436069738975e-15
6.940000000000000568e+01 2.371594317242158800e-15
6.950000000000000000e+01 1.463958626826276380e-15
6.960000000000000853e+01 1.206876385845558764e-15
6.970000000000000284e+01 1.268972136206290597e-15
6.979999999999999716e+01 1.467894755904555844e-15
6.990000000000000568e+01 1.750865697171606253e-15
