0.000000000000000000e+00 -3.999999999999989342e+00 -1.999999999999998224e+00 -1.999999999999994671e+00 -1.999999999999992450e+00 -1.999999999999992006e+00 -3.682547781676219239e-15 -1.767382615677545787e-15 -1.716447416841822741e-17 1.318730640173845534e-16 2.664535259100375697e-15 5.095267809940261202e-15 1.999999999999998890e+00 1.999999999999999778e+00 2.000000000000000444e+00 2.000000000000003109e+00 4.000000000000000000e+00
1.000000000000000021e-02 -3.980204084166959699e+00 -2.020250432161557974e+00 -1.980050504403151779e+00 -1.980050504403150224e+00 -1.980050504403150224e+00 -3.999545569295648306e-02 5.050249932920716363e-07 5.050249987094430099e-07 5.050249995974809281e-07 2.000000000000369538e-02 2.000000000000820913e-02 1.960251949684839179e+00 2.000049999378155530e+00 2.000049999378155974e+00 2.000049999378155974e+00 3.980198022336615349e+00
2.000000000000000042e-02 -3.960833374310976929e+00 -2.041002877813495875e+00 -1.960204070901645279e+00 -1.960204070901639284e+00 -1.960204070901639062e+00 -7.996330274541252336e-02 4.080799664178035749e-06 4.080799665961977769e-06 4.080799673299326983e-06 4.000000000000181188e-02 4.000000000000714789e-02 1.921015200121983568e+00 2.000199990101978909e+00 2.000199990101979353e+00 2.000199990101979797e+00 3.960784354747882929e+00
2.999999999999999889e-02 -3.941915102470885390e+00 -2.062257625719158938e+00 -1.940463861225999898e+00 -1.940463861225993902e+00 -1.940463861225989461e+00 -1.198750320207180309e-01 1.391106918856125349e-05 1.391106918951392669e-05 1.391106920102758117e-05 6.000000000000166311e-02 6.000000000000633299e-02 1.882299977749696485e+00 2.000449950156805823e+00 2.000449950156806267e+00 2.000449950156806267e+00 3.941747782461043403e+00
4.000000000000000083e-02 -3.923478922369366018e+00 -2.084012800861496650e+00 -1.920833148880964680e+00 -1.920833148880960906e+00 -1.920833148880957353e+00 -1.597012438770368803e-01 3.330555559986823043e-05 3.330555560089932702e-05 3.330555561018230668e-05 8.000000000000138944e-02 8.000000000000587197e-02 1.844115376379910742e+00 2.000799843325358651e+00 2.000799843325359983e+00 2.000799843325360428e+00 3.923077590727968023e+00
5.000000000000000278e-02 -3.905557164869581044e+00 -2.106264023370881588e+00 -1.901315322525189089e+00 -1.901315322525184648e+00 -1.901315322525180873e+00 -1.994117601030040987e-01 6.570290895799165375e-05 6.570290895946406806e-05 6.570290896578865301e-05 9.999999999999791001e-02 1.000000000000054040e-01 1.806469403785490702e+00 2.001249619616223274e+00 2.001249619616223718e+00 2.001249619616224162e+00 3.904763544557956489e+00
5.999999999999999778e-02 -3.888185120130401184e+00 -2.129004032749072906e+00 -1.881913889322210709e+00 -1.881913889322206934e+00 -1.881913889322198052e+00 -2.389757469566009540e-01 1.146736099701255342e-04 1.146736099737047024e-04 1.146736099836858405e-04 1.199999999999978584e-01 1.200000000000067540e-01 1.769369031321557095e+00 2.001799215712233071e+00 2.001799215712233515e+00 2.001799215712233959e+00 3.886795868514499652e+00
7.000000000000000666e-02 -3.871401347933582038e+00 -2.152222276643964705e+00 -1.862632478240761502e+00 -1.862632478240760614e+00 -1.862632478240751066e+00 -2.783618481254324095e-01 1.839228029232788813e-04 1.839228029234531939e-04 1.839228029345756717e-04 1.399999999999969325e-01 1.400000000000053146e-01 1.732820245960503769e+00 2.002448555437835953e+00 2.002448555437835953e+00 2.002448555437836397e+00 3.869165226742456554e+00
8.000000000000000167e-02 -3.855248017068576782e+00 -2.175904464315450593e+00 -1.843474843279190534e+00 -1.843474843279183872e+00 -1.843474843279176101e+00 -3.175383261104780530e-01 2.772930347367806884e-04 2.772930347383907286e-04 2.772930347480904892e-04 1.599999999999965616e-01 1.600000000000056655e-01 1.696828104135571724e+00 2.003197550244445235e+00 2.003197550244445235e+00 2.003197550244445679e+00 3.851862703358913453e+00
8.999999999999999667e-02 -3.839771273715698818e+00 -2.200032086190079283e+00 -1.824444866585703595e+00 -1.824444866585690272e+00 -1.824444866585686498e+00 -3.564732102164644978e-01 3.987668728996559826e-04 3.987668729001918495e-04 3.987668729093014788e-04 1.800000000000003819e-01 1.800000000000053224e-01 1.661396786809923753e+00 2.004046099712795570e+00 2.004046099712796014e+00 2.004046099712796902e+00 3.834879783312299395e+00
1.000000000000000056e-01 -3.825021637333724911e+00 -2.224581902651120657e+00 -1.805546561442552544e+00 -1.805546561442546327e+00 -1.805546561442539222e+00 -3.951344490217802985e-01 5.524693713039285610e-04 5.524693713081665989e-04 5.524693713175821358e-04 1.999999999999978739e-01 2.000000000000057288e-01 1.626529655216685466e+00 2.004994092071239464e+00 2.004994092071240352e+00 2.004994092071240352e+00 3.818208333789920861e+00
1.100000000000000006e-01 -3.811054420467079318e+00 -2.249525407603389038e+00 -1.786784075078421630e+00 -1.786784075078421186e+00 -1.786784075078412526e+00 -4.334900649133217598e-01 7.426703494697226536e-04 7.426703494732386128e-04 7.426703494836945502e-04 2.199999999999972811e-01 2.200000000000058020e-01 1.592229306750321260e+00 2.006041404728947875e+00 2.006041404728947875e+00 2.006041404728948319e+00 3.801840586233448338e+00
1.199999999999999956e-01 -3.797930165937590363e+00 -2.274828275574215297e+00 -1.768161691269345637e+00 -1.768161691269334534e+00 -1.768161691269331204e+00 -4.715083080225457302e-01 9.737864463956727359e-04 9.737864463993544696e-04 9.737864464056161708e-04 2.399999999999966049e-01 2.400000000000039047e-01 1.558497630529895872e+00 2.007187904822937963e+00 2.007187904822938851e+00 2.007187904822939295e+00 3.785769119004434913e+00
1.300000000000000044e-01 -3.785715090842067809e+00 -2.300449805379318313e+00 -1.749683832684095997e+00 -1.749683832684089113e+00 -1.749683832684080231e+00 -5.091578067057946910e-01 1.250382906246349851e-03 1.250382906250365519e-03 1.250382906258028877e-03 2.599999999999975109e-01 2.600000000000047828e-01 1.525335862199562964e+00 2.008433449777836000e+00 2.008433449777836444e+00 2.008433449777837776e+00 3.769986840727598487e+00
1.400000000000000133e-01 -3.774481521388346028e+00 -2.326342378927231280e+00 -1.731355062925694632e+00 -1.731355062925692412e+00 -1.731355062925687527e+00 -5.464077115917831406e-01 1.577175048423917758e-03 1.577175048424805937e-03 1.577175048425250026e-03 2.800000000000015810e-01 2.800000000000040234e-01 1.492744637579886291e+00 2.009777887877270963e+00 2.009777887877271851e+00 2.009777887877272295e+00 3.754486974327457371e+00
1.499999999999999944e-01 -3.764308295634368751e+00 -2.352450960774855826e+00 -1.713180088215778385e+00 -1.713180088215777275e+00 -1.713180088215772390e+00 -5.832278301890525540e-01 1.959029369968057210e-03 1.959029369970770318e-03 1.959029369974721584e-03 3.000000000000009326e-01 3.000000000000018208e-01 1.460724044833927593e+00 2.011221058845816589e+00 2.011221058845817034e+00 2.011221058845817478e+00 3.739263041764329998e+00
1.600000000000000033e-01 -3.755281102490039657e+00 -2.378712672721134069e+00 -1.695163758663891462e+00 -1.695163758663878140e+00 -1.695163758663870368e+00 -6.195887491200329222e-01 2.400964223532309205e-03 2.400964223532857378e-03 2.400964223541475050e-03 3.199999999999972866e-01 3.200000000000052247e-01 1.429273674863564381e+00 2.012762794440349889e+00 2.012762794440349889e+00 2.012762794440350334e+00 3.724308849467624860e+00
1.700000000000000122e-01 -3.747492714920794832e+00 -2.405056488003127768e+00 -1.677311069058861071e+00 -1.677311069058858850e+00 -1.677311069058850412e+00 -6.554619412369970810e-01 2.908150009111928631e-03 2.908150009115222003e-03 2.908150009124261214e-03 3.399999999999964162e-01 3.400000000000049649e-01 1.398392669702803293e+00 2.014402919049744334e+00 2.014402919049744778e+00 2.014402919049745222e+00 3.709618474458100668e+00
1.799999999999999933e-01 -3.741043063503145749e+00 -2.431403101184052673e+00 -1.659627159114746897e+00 -1.659627159114733352e+00 -1.659627159114732686e+00 -6.908198551836637336e-01 3.485908812940853325e-03 3.485908812941250576e-03 3.485908812950771173e-03 3.599999999999974887e-01 3.600000000000047051e-01 1.368079768725087408e+00 2.016141250301793697e+00 2.016141250301794585e+00 2.016141250301795029e+00 3.695186251145754941e+00
1.900000000000000022e-01 -3.736039084203020000e+00 -2.457665041718652965e+00 -1.642117313098430120e+00 -1.642117313098418574e+00 -1.642117313098410358e+00 -7.256359853940779203e-01 4.139713422150133153e-03 4.139713422155675594e-03 4.139713422162112286e-03 3.799999999999970068e-01 3.800000000000050004e-01 1.338333352529539777e+00 2.017977599676267442e+00 2.017977599676267886e+00 2.017977599676268774e+00 3.681006758786194322e+00
2.000000000000000111e-01 -3.732594263120011302e+00 -2.483747109811674125e+00 -1.624786958762261868e+00 -1.624786958762256095e+00 -1.624786958762246769e+00 -7.598849210598745962e-01 4.875185639216623838e-03 4.875185639220611968e-03 4.875185639229190175e-03 4.000000000000003553e-01 4.000000000000047407e-01 1.309151484416132494e+00 2.019911773123038046e+00 2.019911773123039378e+00 2.019911773123039822e+00 3.667074809575408434e+00
2.099999999999999922e-01 -3.730827793590114183e+00 -2.509547219938301765e+00 -1.607641665500045391e+00 -1.607641665500031847e+00 -1.607641665500024075e+00 -7.935423732337945069e-01 5.698093815814812835e-03 5.698093815818643104e-03 5.698093815826511810e-03 4.199999999999974309e-01 4.200000000000049249e-01 1.280531949401361391e+00 2.021943571684216678e+00 2.021943571684217122e+00 2.021943571684218011e+00 3.653385437360834320e+00
2.200000000000000011e-01 -3.730863261166615708e+00 -2.534957736590873978e+00 -1.590687141641326408e+00 -1.590687141641321301e+00 -1.590687141641310642e+00 -8.265851799508698861e-01 6.614349522080504966e-03 6.614349522084866928e-03 6.614349522092459813e-03 4.399999999999972822e-01 4.400000000000037215e-01 1.252472290763285034e+00 2.024072792119234965e+00 2.024072792119235409e+00 2.024072792119235853e+00 3.639933886945059260e+00
2.300000000000000100e-01 -3.732826784171566104e+00 -2.559867373911349109e+00 -1.573929230795935608e+00 -1.573929230795929612e+00 -1.573929230795917622e+00 -8.589912900127107953e-01 7.630003264041166321e-03 7.630003264045788491e-03 7.630003264052034363e-03 4.599999999999968558e-01 4.600000000000047384e-01 1.224969844137850483e+00 2.026299227531884295e+00 2.026299227531884739e+00 2.026299227531884739e+00 3.626715603957758827e+00
2.399999999999999911e-01 -3.736844566447186988e+00 -2.584163701174749583e+00 -1.557373907158037030e+00 -1.557373907158035697e+00 -1.557373907158035475e+00 -8.907397268657892830e-01 8.751239159756618591e-03 8.751239159760093242e-03 8.751239159761949396e-03 4.800000000000006484e-01 4.800000000000019806e-01 1.198021769216829124e+00 2.028622667998283724e+00 2.028622667998283724e+00 2.028622667998284168e+00 3.613726225270879500e+00
2.500000000000000000e-01 -3.743039868108674728e+00 -2.607736246165310412e+00 -1.541027269678297174e+00 -1.541027269678287848e+00 -1.541027269678279410e+00 -9.218105347796234916e-01 9.984368483470156680e-03 9.984368483475745959e-03 9.984368483481923309e-03 4.999999999999976130e-01 5.000000000000054401e-01 1.171625079121575208e+00 2.031042901194815453e+00 2.031042901194816341e+00 2.031042901194816785e+00 3.600961569932017436e+00
2.600000000000000089e-01 -3.751529469690314311e+00 -2.630480118182515259e+00 -1.524895535012556591e+00 -1.524895535012541492e+00 -1.524895535012539050e+00 -9.521847102643437033e-01 1.133582198745974358e-02 1.133582198746384447e-02 1.133582198747254757e-02 5.199999999999970202e-01 5.200000000000046807e-01 1.145776667545987948e+00 2.033559713025081539e+00 2.033559713025081983e+00 2.033559713025082427e+00 3.588417630591170138e+00
2.700000000000000178e-01 -3.762419789742455833e+00 -2.652299987101433665e+00 -1.508985029157484892e+00 -1.508985029157471125e+00 -1.508985029157467128e+00 -9.818441223296390241e-01 1.281214091250903672e-02 1.281214091251303352e-02 1.281214091252255889e-02 5.399999999999980371e-01 5.400000000000051426e-01 1.120473333777113112e+00 2.036172888244963453e+00 2.036172888244964341e+00 2.036172888244964785e+00 3.576090565396400578e+00
2.800000000000000266e-01 -3.775802903345117034e+00 -2.673114166949892123e+00 -1.493302177687041654e+00 -1.493302177687027887e+00 -1.493302177687022558e+00 -1.010771425752075903e+00 1.441996660215693997e-02 1.441996660215775355e-02 1.441996660216809251e-02 5.599999999999993872e-01 5.600000000000044942e-01 1.095711805712597187e+00 2.038882211084874552e+00 2.038882211084875440e+00 2.038882211084876328e+00 3.563976690334472952e+00
2.899999999999999800e-01 -3.791752780460096783e+00 -2.692858480571548974e+00 -1.477853494509489662e+00 -1.477853494509480115e+00 -1.477853494509473453e+00 -1.038949971962953800e+00 1.616602864108933335e-02 1.616602864109243504e-02 1.616602864109959251e-02 5.799999999999971845e-01 5.800000000000037348e-01 1.071488761001193168e+00 2.041687465868387008e+00 2.041687465868388340e+00 2.041687465868388784e+00 3.552072471993392710e+00
2.999999999999999889e-01 -3.810322097232277105e+00 -2.711489547452410775e+00 -1.462645569072872354e+00 -1.462645569072859919e+00 -1.462645569072852814e+00 -1.066363722475953679e+00 1.805713144649121957e-02 1.805713144649488330e-02 1.805713144650310936e-02 5.999999999999975353e-01 6.000000000000046407e-01 1.047800846436246491e+00 2.044588437626367217e+00 2.044588437626368549e+00 2.044588437626369437e+00 3.540374520724380414e+00
3.099999999999999978e-01 -3.831539952978026076e+00 -2.728987157007701558e+00 -1.447685051957605218e+00 -1.447685051957595448e+00 -1.447685051957593672e+00 -1.092997169928617396e+00 2.010013925175718752e-02 2.010013925176041064e-02 2.010013925176846322e-02 6.199999999999977751e-01 6.200000000000042144e-01 1.024644695732487953e+00 2.047584912705838533e+00 2.047584912705838533e+00 2.047584912705839866e+00 3.528879584181839668e+00
3.200000000000000067e-01 -3.855410744838587700e+00 -2.745355470393116892e+00 -1.432978638808636518e+00 -1.432978638808623195e+00 -1.432978638808615646e+00 -1.118835271803432896e+00 2.230195943581401996e-02 2.230195943581735410e-02 2.230195943582469198e-02 6.399999999999976819e-01 6.400000000000041211e-01 1.002016945814399040e+00 2.050676679372807953e+00 2.050676679372808842e+00 2.050676679372809286e+00 3.517584541220722283e+00
3.300000000000000155e-01 -3.881914321317346594e+00 -2.760622924839558845e+00 -1.418533052576274489e+00 -1.418533052576268272e+00 -1.418533052576263609e+00 -1.143863401714720229e+00 2.466952416792400626e-02 2.466952416792729183e-02 2.466952416793737751e-02 6.599999999999973666e-01 6.600000000000045830e-01 9.799142517400198926e-01 2.053863528408342187e+00 2.053863528408342631e+00 2.053863528408342631e+00 3.506486396131590411e+00
3.400000000000000244e-01 -3.911007380689124346e+00 -2.774840870093012057e+00 -1.404355024054951828e+00 -1.404355024054944723e+00 -1.404355024054932066e+00 -1.168067322790267593e+00 2.720977035779081898e-02 2.720977035779742134e-02 2.720977035780343389e-02 6.799999999999979394e-01 6.800000000000048228e-01 9.583333003776219883e-01 2.057145253697148846e+00 2.057145253697149290e+00 2.057145253697149734e+00 3.495582273194767886e+00
3.500000000000000333e-01 -3.942625933807569538e+00 -2.788081113535683109e+00 -1.390451270731954292e+00 -1.390451270731954070e+00 -1.390451270731951627e+00 -1.191433187137416638e+00 2.992961792391080067e-02 2.992961792391446441e-02 2.992961792391790610e-02 7.000000000000015099e-01 7.000000000000015099e-01 9.372708229449480122e-01 2.060521652808047666e+00 2.060521652808048110e+00 2.060521652808048998e+00 3.484869411535706174e+00
3.599999999999999867e-01 -3.976688543250881391e+00 -2.800432658866013558e+00 -1.376828473984995416e+00 -1.376828473984985424e+00 -1.376828473984979206e+00 -1.213947564659447753e+00 3.283594641931795316e-02 3.283594641932124913e-02 3.283594641933049868e-02 7.199999999999980860e-01 7.200000000000040812e-01 9.167236065114878762e-01 2.063992527565666535e+00 2.063992527565666979e+00 2.063992527565667423e+00 3.474345160264843191e+00
3.699999999999999956e-01 -4.013099999667159246e+00 -2.811997975192455979e+00 -1.363493254696015677e+00 -1.363493254696013457e+00 -1.363493254696005685e+00 -1.235597503580651679e+00 3.593557008325479196e-02 3.593557008325830304e-02 3.593557008326641461e-02 7.399999999999973266e-01 7.400000000000043210e-01 8.966885045543353527e-01 2.067557684612754354e+00 2.067557684612754798e+00 2.067557684612755686e+00 3.464006973885918939e+00
3.800000000000000044e-01 -4.051755102919011975e+00 -2.822889127732512105e+00 -1.350452147381312473e+00 -1.350452147381305368e+00 -1.350452147381292267e+00 -1.256370623953892984e+00 3.923521141873660689e-02 3.923521141874443396e-02 3.923521141874936058e-02 7.599999999999983435e-01 7.600000000000054490e-01 8.771624466475493875e-01 2.071216935962562733e+00 2.071216935962563177e+00 2.071216935962564065e+00 3.453852407957854531e+00
3.900000000000000133e-01 -4.092542267686888557e+00 -2.833224050485894985e+00 -1.337711572971181040e+00 -1.337711572971180374e+00 -1.337711572971165497e+00 -1.276255244177005199e+00 4.274147343046358349e-02 4.274147343047265263e-02 4.274147343047420694e-02 7.799999999999971401e-01 7.800000000000041345e-01 8.581424473539271958e-01 2.074970099540706325e+00 2.074970099540706769e+00 2.074970099540707213e+00 3.443879114995848312e+00
4.000000000000000222e-01 -4.135346750866227161e+00 -2.843123164949045822e+00 -1.325277810408605594e+00 -1.325277810408602486e+00 -1.325277810408596713e+00 -1.295240539160210425e+00 4.646081069256476070e-02 4.646081069256657869e-02 4.646081069257020080e-02 8.000000000000011546e-01 8.000000000000031530e-01 8.396256143769611491e-01 2.078816999716034175e+00 2.078816999716036840e+00 2.078816999716036840e+00 3.434084840598507604e+00
4.100000000000000311e-01 -4.180053381600671969e+00 -2.852706466901444582e+00 -1.313316727305775755e+00 -1.313156967272058662e+00 -1.313156967272056885e+00 -1.313156967272048004e+00 5.039949945208303111e-02 5.039949945208528626e-02 5.039949945208834631e-02 8.200000000000015055e-01 8.200000000000039480e-01 8.216091560196442378e-01 2.082757467819968067e+00 2.082757467819969843e+00 2.082757467819970287e+00 3.424467419788237876e+00
4.199999999999999845e-01 -4.226548749214240175e+00 -2.862091130384775806e+00 -1.330475281940286525e+00 -1.301354949663967586e+00 -1.301354949663963589e+00 -1.301354949663956706e+00 5.456360701008711178e-02 5.456360701008877712e-02 5.456360701009136532e-02 8.040903879859544467e-01 8.400000000000011902e-01 8.400000000000029665e-01 2.086791342653872672e+00 2.086791342653874004e+00 2.086791342653874892e+00 3.415024773553333226e+00
4.299999999999999933e-01 -4.274722861422149300e+00 -2.871389622355867033e+00 -1.346709161352527051e+00 -1.289877431640762628e+00 -1.289877431640762406e+00 -1.289877431640757743e+00 5.895896065676486941e-02 5.895896065676928255e-02 5.895896065677196096e-02 7.870667395501440566e-01 8.600000000000009859e-01 8.600000000000018741e-01 2.090918470984003630e+00 2.090918470984004518e+00 2.090918470984004518e+00 3.405754905580386627e+00
4.400000000000000022e-01 -4.324470322839841785e+00 -2.880708285211021291e+00 -1.362013050225051813e+00 -1.278729824492820466e+00 -1.278729824492815359e+00 -1.278729824492798706e+00 6.359111646921185301e-02 6.359111646922158134e-02 6.359111646922360750e-02 7.705357591090713498e-01 8.799999999999980060e-01 8.800000000000027800e-01 2.095138708023593921e+00 2.095138708023594365e+00 2.095138708023595253e+00 3.396655899166831638e+00
4.500000000000000111e-01 -4.375691103908084578e+00 -2.890146325414912898e+00 -1.376383604103697866e+00 -1.267917246210662263e+00 -1.267917246210660709e+00 -1.267917246210652715e+00 6.846532830895979416e-02 6.846532830896345789e-02 6.846532830897412991e-02 7.544951191230699905e-01 8.999999999999973577e-01 9.000000000000040190e-01 2.099451917901696163e+00 2.099451917901696163e+00 2.099451917901697495e+00 3.387725914303611141e+00
4.600000000000000200e-01 -4.428290976882255592e+00 -2.899795140750890621e+00 -1.389819687728075959e+00 -1.257444491497927253e+00 -1.257444491497921257e+00 -1.257444491497912153e+00 7.358651737953929295e-02 7.358651737954326200e-02 7.358651737955090866e-02 7.389426204421800648e-01 9.199999999999993738e-01 9.200000000000050360e-01 2.103857974118374941e+00 2.103857974118376717e+00 2.103857974118377605e+00 3.378963184919027363e+00
4.700000000000000289e-01 -4.482181692886133106e+00 -2.909737921754812717e+00 -1.402322597640270008e+00 -1.247316002707652638e+00 -1.247316002707644866e+00 -1.247316002707637761e+00 7.895924272174552339e-02 7.895924272175133818e-02 7.895924272175738889e-02 7.238761960062118916e-01 9.399999999999981704e-01 9.400000000000042766e-01 2.108356759985895668e+00 2.108356759985896556e+00 2.108356759985897000e+00 3.370366016274990884e+00
4.799999999999999822e-01 -4.537280966067757326e+00 -2.920049470768186772e+00 -1.413896259571538305e+00 -1.237535842089308336e+00 -1.237535842089298788e+00 -1.237535842089291238e+00 8.458767303378378344e-02 8.458767303378883495e-02 8.458767303379501057e-02 7.092939138997715887e-01 9.599999999999972999e-01 9.600000000000037392e-01 2.112948169055511638e+00 2.112948169055512970e+00 2.112948169055513858e+00 3.361932782507698114e+00
4.899999999999999911e-01 -4.593512320547711525e+00 -2.930796191775926651e+00 -1.424547391718351097e+00 -1.228107665734545773e+00 -1.228107665734540888e+00 -1.228107665734531118e+00 9.047556020495584050e-02 9.047556020496012874e-02 9.047556020496735907e-02 6.951939797368202889e-01 9.799999999999985389e-01 9.800000000000038680e-01 2.117632105529581477e+00 2.117632105529581921e+00 2.117632105529585473e+00 3.353661924305154862e+00
5.000000000000000000e-01 -4.650804845091101924e+00 -2.942036213808111533e+00 -1.434285626158768423e+00 -1.219034699602483673e+00 -1.219034699602470795e+00 -1.219034699602467242e+00 9.662621494389522780e-02 9.662621494389975196e-02 9.662621494390588595e-02 6.815747383434853646e-01 9.999999999999972244e-01 1.000000000000004219e+00 2.122408484658575123e+00 2.122408484658575567e+00 2.122408484658576011e+00 3.345551946714481417e+00
5.100000000000000089e-01 -4.709092890431092471e+00 -2.953819619064469659e+00 -1.443123582279938422e+00 -1.210319717987952348e+00 -1.210319717987949684e+00 -1.210319717987945909e+00 1.030424848652033570e-01 1.030424848652042730e-01 1.030424848652079645e-01 6.684346747031275626e-01 1.020000000000001350e+00 1.020000000000003570e+00 2.127277233122745415e+00 2.127277233122747635e+00 2.127277233122748967e+00 3.337601417072356025e+00
5.200000000000000178e-01 -4.768315735498772412e+00 -2.966188753583686832e+00 -1.451076888093504991e+00 -1.201965024769644286e+00 -1.201965024769642731e+00 -1.201965024769633628e+00 1.097267353715629390e-01 1.097267353715642574e-01 1.097267353715683236e-01 6.557724141235623527e-01 1.040000000000001146e+00 1.040000000000003588e+00 2.132238289398073583e+00 2.132238289398074915e+00 2.132238289398075359e+00 3.329808963052389714e+00
5.300000000000000266e-01 -4.828417241657452230e+00 -2.979178603175760998e+00 -1.458164147574185776e+00 -1.193972437738835435e+00 -1.193972437738830550e+00 -1.193972437738830328e+00 1.166808336326532469e-01 1.166808336326542461e-01 1.166808336326574658e-01 6.435867215836883481e-01 1.060000000000001164e+00 1.060000000000002274e+00 2.137291604106179577e+00 2.137291604106181353e+00 2.137291604106182685e+00 3.322173270823689961e+00
5.400000000000000355e-01 -4.889345508350425362e+00 -2.992817220670628942e+00 -1.464406854508416345e+00 -1.186343276265261926e+00 -1.186343276265257929e+00 -1.186343276265255042e+00 1.239061359173243698e-01 1.239061359173257854e-01 1.239061359173274784e-01 6.318765002144179910e-01 1.080000000000001403e+00 1.080000000000003180e+00 2.142437140347934754e+00 2.142437140347936975e+00 2.142437140347938307e+00 3.314693083315041200e+00
5.500000000000000444e-01 -4.951052539188419033e+00 -3.007126192643703622e+00 -1.469829255615866526e+00 -1.179078352504153937e+00 -1.179078352504147276e+00 -1.179078352504144389e+00 1.314034784837673497e-01 1.314034784837678771e-01 1.314034784837707359e-01 6.206407888682603513e-01 1.100000000000001865e+00 1.100000000000003197e+00 2.147674874020381264e+00 2.147674874020384372e+00 2.147674874020385705e+00 3.307367198579709289e+00
5.600000000000000533e-01 -5.013493924213275221e+00 -3.022121135027492134e+00 -1.474458167747251469e+00 -1.172177966290738560e+00 -1.172177966290735895e+00 -1.172177966290729234e+00 1.391731721740228633e-01 1.391731721740241123e-01 1.391731721740264716e-01 6.098787587319369763e-01 1.120000000000001661e+00 1.120000000000003659e+00 2.153004794116710308e+00 2.153004794116712084e+00 2.153004794116713416e+00 3.300194468256065772e+00
5.700000000000000622e-01 -5.076628541668341654e+00 -3.037812207753671334e+00 -1.478322755635220975e+00 -1.165641903805654911e+00 -1.165641903805649582e+00 -1.165641903805648028e+00 1.472150007967121532e-01 1.472150007967125696e-01 1.472150007967154561e-01 5.995897089376751588e-01 1.140000000000001457e+00 1.140000000000003677e+00 2.158426903008937359e+00 2.158426903008940911e+00 2.158426903008941355e+00 3.293173796119547081e+00
5.799999999999999600e-01 -5.140418280889273994e+00 -3.054204639076796290e+00 -1.481454277887146453e+00 -1.159469440029655463e+00 -1.159469440029651466e+00 -1.159469440029647025e+00 1.555282233166659367e-01 1.555282233166677130e-01 1.555282233166686012e-01 5.897730611314431215e-01 1.160000000000001696e+00 1.160000000000003029e+00 2.163941216712987448e+00 2.163941216712988336e+00 2.163941216712988780e+00 3.286304136721764912e+00
5.899999999999999689e-01 -5.204827786738646545e+00 -3.071299250720023188e+00 -1.483885809614243101e+00 -1.153659344940390241e+00 -1.153659344940386244e+00 -1.153659344940381803e+00 1.641115798045803820e-01 1.641115798045806040e-01 1.641115798045819640e-01 5.804283529599980618e-01 1.180000000000001492e+00 1.180000000000003713e+00 2.169547765135805939e+00 2.169547765135805939e+00 2.169547765135807271e+00 3.279584494112898430e+00
5.999999999999999778e-01 -5.269824225209459811e+00 -3.089092975586712697e+00 -1.485651950290772128e+00 -1.148209893339923848e+00 -1.148209893339922516e+00 -1.148209893339920074e+00 1.729633010357090050e-01 1.729633010357102263e-01 1.729633010357130019e-01 5.715552304434470265e-01 1.200000000000000178e+00 1.200000000000000844e+00 2.175246592304221682e+00 2.175246592304223014e+00 2.175246592304223459e+00 3.273013920643514485e+00
6.099999999999999867e-01 -5.335377069313393505e+00 -3.107579360561970372e+00 -1.486788525173923237e+00 -1.143118878141186068e+00 -1.143118878141177408e+00 -1.143118878141176964e+00 1.820811215659942917e-01 1.820811215659955407e-01 1.820811215659964288e-01 5.631534392066188666e-01 1.220000000000001528e+00 1.220000000000002860e+00 2.181037756575185504e+00 2.181037756575186837e+00 2.181037756575187725e+00 3.266591515842653504e+00
6.199999999999999956e-01 -5.401457904063404314e+00 -3.126749047890713396e+00 -1.487332287964072020e+00 -1.138383626885849820e+00 -1.138383626885846933e+00 -1.138383626885844269e+00 1.914622960588698852e-01 1.914622960588723832e-01 1.914622960588751865e-01 5.552228145495665679e-01 1.239999999999999769e+00 1.240000000000001767e+00 2.186921330826986143e+00 2.186921330826986143e+00 2.186921330826986587e+00 3.260316425368646520e+00
6.300000000000000044e-01 -5.468040249204040748e+00 -3.146590229729703925e+00 -1.487320631442815344e+00 -1.134001021218483896e+00 -1.134001021218483451e+00 -1.134001021218475236e+00 2.011036185873089355e-01 2.011036185873095739e-01 2.011036185873122106e-01 5.477632703467096853e-01 1.260000000000001563e+00 1.260000000000002673e+00 2.192897402631171833e+00 2.192897402631172721e+00 2.192897402631173165e+00 3.254187840029834078e+00
6.400000000000000133e-01 -5.535099398280375560e+00 -3.167089071671919775e+00 -1.486791311694047657e+00 -1.129967519000320664e+00 -1.129967519000317111e+00 -1.129967519000304454e+00 2.110014445956063245e-01 2.110014445956134022e-01 2.110014445956171214e-01 5.407747867741443670e-01 1.279999999999997806e+00 1.280000000000003579e+00 2.198966074404703264e+00 2.198966074404704596e+00 2.198966074404704596e+00 3.248204994872223139e+00
6.500000000000000222e-01 -5.602612272647014890e+00 -3.188230102267107569e+00 -1.485782190293276628e+00 -1.126279178715704710e+00 -1.126279178715702489e+00 -1.126279178715699381e+00 2.211517151736938080e-01 2.211517151736941411e-01 2.211517151736949460e-01 5.342573968759252168e-01 1.300000000000000933e+00 1.300000000000001821e+00 2.205127463542009281e+00 2.205127463542009725e+00 2.205127463542010613e+00 3.242367168331464988e+00
6.600000000000000311e-01 -5.670557289064997342e+00 -3.209996566746871061e+00 -1.484330997627623105e+00 -1.122931685801273671e+00 -1.122931685801267454e+00 -1.122931685801263901e+00 2.315499832747749120e-01 2.315499832747772158e-01 2.315499832747787146e-01 5.282111719928801463e-01 1.320000000000002283e+00 1.320000000000004059e+00 2.211381702526492798e+00 2.211381702526493687e+00 2.211381702526495907e+00 3.236673681446596174e+00
6.700000000000000400e-01 -5.738914239613357893e+00 -3.232370744253889150e+00 -1.482475119356975846e+00 -1.119920380515943670e+00 -1.119920380515939451e+00 -1.119920380515934788e+00 2.421914414948301841e-01 2.421914414948319605e-01 2.421914414948331817e-01 5.226362060910125784e-01 1.340000000000000968e+00 1.340000000000004299e+00 2.217728939021108570e+00 2.217728939021110346e+00 2.217728939021110790e+00 3.231123897133190148e+00
6.800000000000000488e-01 -5.807664182728650815e+00 -3.255334228831729515e+00 -1.480251406994586016e+00 -1.117240286966287410e+00 -1.117240286966280305e+00 -1.117240286966276308e+00 2.530709510287363351e-01 2.530709510287382225e-01 2.530709510287435515e-01 5.175325990413277566e-01 1.360000000000000764e+00 1.360000000000001430e+00 2.224169335937552283e+00 2.224169335937554948e+00 2.224169335937555836e+00 3.225717219513678291e+00
6.900000000000000577e-01 -5.876789344283290362e+00 -3.278868175231222981e+00 -1.477696012706504636e+00 -1.114886142907278721e+00 -1.114886142907276501e+00 -1.114886142907275834e+00 2.641830714236513278e-01 2.641830714236536592e-01 2.641830714236563793e-01 5.129004389182667545e-01 1.380000000000001448e+00 1.380000000000002558e+00 2.230703071483627120e+00 2.230703071483627564e+00 2.230703071483629785e+00 3.220453093302741099e+00
7.000000000000000666e-01 -5.946273027707263736e+00 -3.302953511221249361e+00 -1.474844247717316481e+00 -1.112852429951504796e+00 -1.112852429951502131e+00 -1.112852429951501687e+00 2.755220907631947824e-01 2.755220907631968363e-01 2.755220907632011662e-01 5.087397834000926267e-01 1.400000000000000133e+00 1.400000000000000799e+00 2.237330339188314365e+00 2.237330339188314809e+00 2.237330339188316142e+00 3.215331003245757380e+00
7.099999999999999645e-01 -6.016099532253502247e+00 -3.327571118559259578e+00 -1.471730463166440739e+00 -1.111133403840136147e+00 -1.111133403840134815e+00 -1.111133403840128597e+00 2.870820559360494073e-01 2.870820559360516278e-01 2.870820559360518498e-01 5.050506403707819558e-01 1.419999999999999929e+00 1.420000000000000373e+00 2.244051347904088001e+00 2.244051347904088445e+00 2.244051347904089777e+00 3.210350473608463595e+00
7.199999999999999734e-01 -6.086254078591724515e+00 -3.352701985091052883e+00 -1.468387951872817787e+00 -1.109723124454257359e+00 -1.109723124454257137e+00 -1.109723124454250254e+00 2.988568026682705270e-01 2.988568026682708045e-01 2.988568026682710821e-01 5.018329478395804344e-01 1.440000000000002389e+00 1.440000000000002611e+00 2.250866321785985225e+00 2.250866321785987445e+00 2.250866321785988333e+00 3.205511067715998585e+00
7.299999999999999822e-01 -6.156722740999841292e+00 -3.378327330628822622e+00 -1.464848869221425431e+00 -1.108615485275341594e+00 -1.108615485275338930e+00 -1.108615485275337376e+00 3.108399850284155885e-01 3.108399850284171428e-01 3.108399850284203625e-01 4.990865533104087426e-01 1.460000000000001075e+00 1.460000000000002185e+00 2.257775500246924416e+00 2.257775500246925304e+00 2.257775500246926192e+00 3.200812387539669235e+00
7.399999999999999911e-01 -6.227492385496737448e+00 -3.404428709322002256e+00 -1.461144171259888047e+00 -1.107804242036530384e+00 -1.107804242036525277e+00 -1.107804242036521947e+00 3.230251041477530394e-01 3.230251041477544827e-01 3.230251041477552043e-01 4.968111927487934842e-01 1.480000000000000426e+00 1.480000000000002425e+00 2.264779137888771832e+00 2.264779137888772720e+00 2.264779137888774052e+00 3.196254073329810819e+00
7.500000000000000000e-01 -6.298550613327059011e+00 -3.430988091209275836e+00 -1.457303568065404953e+00 -1.107283040341380032e+00 -1.107283040341372038e+00 -1.107283040341369595e+00 3.354055359327312580e-01 3.354055359327319796e-01 3.354055359327327568e-01 4.950064693085227674e-01 1.500000000000001110e+00 1.500000000000002442e+00 2.271877504408641002e+00 2.271877504408643667e+00 2.271877504408645443e+00 3.191835803293196161e+00
7.600000000000000089e-01 -6.369885709272498531e+00 -3.457987925544006469e+00 -1.453355490490127355e+00 -1.107045442062437157e+00 -1.107045442062430940e+00 -1.107045442062427387e+00 3.479745575825341497e-01 3.479745575825343717e-01 3.479745575825405890e-01 4.936718319931419074e-01 1.520000000000000240e+00 1.520000000000001350e+00 2.279070884479904358e+00 2.279070884479906578e+00 2.279070884479907022e+00 3.187557293313529438e+00
7.700000000000000178e-01 -6.441486594318499570e+00 -3.485411188338249477e+00 -1.449327068495406490e+00 -1.107084950367470455e+00 -1.107084950367465126e+00 -1.107084950367461351e+00 3.607253727600923665e-01 3.607253727600946980e-01 3.607253727600951976e-01 4.928065544385340502e-01 1.540000000000000036e+00 1.540000000000001146e+00 2.286359577607370408e+00 2.286359577607373073e+00 2.286359577607374849e+00 3.183418296713598217e+00
7.800000000000000266e-01 -6.513342782254547103e+00 -3.513241416390229244e+00 -1.445244119424745843e+00 -1.107395033255363703e+00 -1.107395033255362593e+00 -1.107395033255357042e+00 3.736511352992347712e-01 3.736511352992359924e-01 3.736511352992393231e-01 4.924097140117775773e-01 1.560000000000001608e+00 1.560000000000002718e+00 2.293743897956123323e+00 2.293743897956124655e+00 2.293743897956125988e+00 3.179418604057723030e+00
7.900000000000000355e-01 -6.585444339833097516e+00 -3.541462729860274994e+00 -1.441131144727353597e+00 -1.107969145516667586e+00 -1.107969145516667142e+00 -1.107969145516666476e+00 3.867449713631927466e-01 3.867449713631947450e-01 3.867449713631955222e-01 4.924801714275242048e-01 1.580000000000001403e+00 1.580000000000002514e+00 2.301224174153473800e+00 2.301224174153475133e+00 2.301224174153475577e+00 3.175558042993182450e+00
8.000000000000000444e-01 -6.657781850148600356e+00 -3.570059845252218533e+00 -1.437011333815031211e+00 -1.108800749063511004e+00 -1.108800749063505453e+00 -1.108800749063498348e+00 3.999999999999975797e-01 4.000000000000003553e-01 4.000000000000018541e-01 4.930165510865154310e-01 1.600000000000001643e+00 1.600000000000001865e+00 2.308800749063504298e+00 2.308800749063505631e+00 2.308800749063506075e+00 3.171836478129317349e+00
8.100000000000000533e-01 -6.730346378935985641e+00 -3.599018080450273160e+00 -1.432906573907411385e+00 -1.109883331601297485e+00 -1.109883331601296597e+00 -1.109883331601291490e+00 4.134093520676143108e-01 4.134093520676160871e-01 4.134093520676180300e-01 4.940172223406462670e-01 1.619999999999999885e+00 1.620000000000000329e+00 2.316473979533685945e+00 2.316473979533687277e+00 2.316473979533687277e+00 3.168253810953068683e+00
8.200000000000000622e-01 -6.803129443518543873e+00 -3.628323353261060369e+00 -1.428837464885552855e+00 -1.111210423639284350e+00 -1.111210423639276801e+00 -1.111210423639275247e+00 4.269661875262404926e-01 4.269661875262449335e-01 4.269661875262473760e-01 4.954802818854955326e-01 1.640000000000000568e+00 1.640000000000001901e+00 2.324244236113043538e+00 2.324244236113043982e+00 2.324244236113044870e+00 3.164809979779703575e+00
8.300000000000000711e-01 -6.876122984162280183e+00 -3.657962174721999027e+00 -1.424823338327259492e+00 -1.112775613857934109e+00 -1.112775613857927670e+00 -1.112775613857926560e+00 4.406637111165294662e-01 4.406637111165310761e-01 4.406637111165315202e-01 4.974035374740046755e-01 1.660000000000001252e+00 1.660000000000001918e+00 2.332111902741400566e+00 2.332111902741401455e+00 2.332111902741402343e+00 3.161504959737517773e+00
8.399999999999999689e-01 -6.949319337620227799e+00 -3.687921638262677604e+00 -1.420882280036443568e+00 -1.114572562869746264e+00 -1.114572562869743377e+00 -1.114572562869738270e+00 4.544951864605550895e-01 4.544951864605562553e-01 4.544951864605595304e-01 4.997844931341055563e-01 1.680000000000000160e+00 1.680000000000001492e+00 2.340077376409196219e+00 2.340077376409197107e+00 2.340077376409197996e+00 3.158338762785294129e+00
8.499999999999999778e-01 -7.022711212671678638e+00 -3.718189405647384760e+00 -1.417031155500905193e+00 -1.116595015425091431e+00 -1.116595015425090542e+00 -1.116595015425088100e+00 4.684539486376587680e-01 4.684539486376601003e-01 4.684539486376609885e-01 5.026203360586354307e-01 1.700000000000000178e+00 1.700000000000000844e+00 2.348141066787432507e+00 2.348141066787432951e+00 2.348141066787433395e+00 3.155311437761318061e+00
8.599999999999999867e-01 -7.096291667479167842e+00 -3.748753690484326384e+00 -1.413285637817199181e+00 -1.118836811126695974e+00 -1.118836811126693753e+00 -1.118836811126691089e+00 4.825334152993754344e-01 4.825334152993783210e-01 4.825334152993783210e-01 5.059079253180156499e-01 1.719999999999999973e+00 1.720000000000000862e+00 2.356303395827321623e+00 2.356303395827322511e+00 2.356303395827322955e+00 3.152423070462715859e+00
8.699999999999999956e-01 -7.170054088607757947e+00 -3.779603239961195182e+00 -1.409660237709954966e+00 -1.121291893726301669e+00 -1.121291893726299005e+00 -1.121291893726295008e+00 4.967270963970746855e-01 4.967270963970790154e-01 4.967270963970815689e-01 5.096437825250501596e-01 1.740000000000000879e+00 1.740000000000001767e+00 2.364564797329227641e+00 2.364564797329228529e+00 2.364564797329229417e+00 3.149673783753904832e+00
8.800000000000000044e-01 -7.243992171561608018e+00 -3.810727315355480815e+00 -1.406168335343350950e+00 -1.123954319083629638e+00 -1.123954319083626974e+00 -1.123954319083620090e+00 5.110286026030562700e-01 5.110286026030569362e-01 5.110286026030571582e-01 5.138240845575161586e-01 1.760000000000001341e+00 1.760000000000002007e+00 2.372925716480568603e+00 2.372925716480570824e+00 2.372925716480572156e+00 3.147063737702897601e+00
8.900000000000000133e-01 -7.318099902710724081e+00 -3.842115671771917373e+00 -1.402822213679588703e+00 -1.126818261872751581e+00 -1.126818261872748916e+00 -1.126818261872747362e+00 5.184446584181174877e-01 5.254316525104260061e-01 5.254316525104270053e-01 5.254316525104276714e-01 1.780000000000000249e+00 1.780000000000000693e+00 2.381386609362331708e+00 2.381386609362332596e+00 2.381386609362333484e+00 3.144593129744164273e+00
9.000000000000000222e-01 -7.392371542492083947e+00 -3.873758537476156061e+00 -1.399633093182102161e+00 -1.129878021123817522e+00 -1.129878021123815524e+00 -1.129878021123812415e+00 5.235009782835962078e-01 5.399300786998701973e-01 5.399300786998714186e-01 5.399300786998737500e-01 1.800000000000000711e+00 1.800000000000001155e+00 2.389947942423949812e+00 2.389947942423949812e+00 2.389947942423950700e+00 3.142262194866787262e+00
9.100000000000000311e-01 -7.466801609778183746e+00 -3.905646593122555021e+00 -1.396611167691775623e+00 -1.133128024688899727e+00 -1.133128024688897506e+00 -1.133128024688893065e+00 5.289881647660146236e-01 5.545178327625467363e-01 5.545178327625470693e-01 5.545178327625507331e-01 1.820000000000000284e+00 1.820000000000003171e+00 2.398610191926351831e+00 2.398610191926351831e+00 2.398610191926352719e+00 3.140071205826481027e+00
9.200000000000000400e-01 -7.541384867319772312e+00 -3.937770951113748641e+00 -1.393765641326542681e+00 -1.136562832720786398e+00 -1.136562832720785288e+00 -1.136562832720783511e+00 5.349009863798985798e-01 5.691889893677920531e-01 5.691889893677960499e-01 5.691889893677998247e-01 1.840000000000000302e+00 1.840000000000001190e+00 2.407373843352991205e+00 2.407373843352993870e+00 2.407373843352994314e+00 3.138020473380141784e+00
9.300000000000000488e-01 -7.616116308175671534e+00 -3.970123135278404991e+00 -1.391104766267265536e+00 -1.140177140251737109e+00 -1.140177140251727783e+00 -1.140177140251726229e+00 5.412338631799307187e-01 5.839377494629022225e-01 5.839377494629031107e-01 5.839377494629052201e-01 1.860000000000000542e+00 1.860000000000002318e+00 2.416239390788830210e+00 2.416239390788831987e+00 2.416239390788832875e+00 3.136110346541391980e+00
9.400000000000000577e-01 -7.690991143050972312e+00 -4.002695061011028344e+00 -1.388635881299454145e+00 -1.143965778956635315e+00 -1.143965778956633983e+00 -1.143965778956633095e+00 5.479808725057959684e-01 5.987584426894385636e-01 5.987584426894394518e-01 5.987584426894421163e-01 1.880000000000001226e+00 1.880000000000002336e+00 2.425207336267198865e+00 2.425207336267200198e+00 2.425207336267201086e+00 3.134341212855636272e+00
9.500000000000000666e-01 -7.766004788472816500e+00 -4.035479015981973561e+00 -1.386365450982418590e+00 -1.147923718182174202e+00 -1.147923718182174202e+00 -1.147923718182170205e+00 5.551357567442152252e-01 6.136455290974794918e-01 6.136455290974801580e-01 6.136455290974816013e-01 1.900000000000000133e+00 1.900000000000001465e+00 2.434278189084696287e+00 2.434278189084698063e+00 2.434278189084699395e+00 3.132713498692975218e+00
9.599999999999999645e-01 -7.841152855738812377e+00 -4.068467641496461340e+00 -1.384299105315825340e+00 -1.152046065319205947e+00 -1.152046065319204171e+00 -1.152046065319200174e+00 5.626919329937756231e-01 6.285936002349816754e-01 6.285936002349825635e-01 6.285936002349845619e-01 1.920000000000000151e+00 1.920000000000001927e+00 2.443452465084222425e+00 2.443452465084223313e+00 2.443452465084223757e+00 3.131227669557300253e+00
9.699999999999999734e-01 -7.916431140578827907e+00 -4.101653914557255476e+00 -1.382441679770142429e+00 -1.156328065591759824e+00 -1.156328065591756493e+00 -1.156328065591753385e+00 5.706425044964444915e-01 6.435973796853340367e-01 6.435973796853342588e-01 6.435973796853381446e-01 1.940000000000000391e+00 1.940000000000001723e+00 2.452730685906422181e+00 2.452730685906423957e+00 2.452730685906424402e+00 3.129884230409759382e+00
9.799999999999999822e-01 -7.991835613476360400e+00 -4.135031130666027899e+00 -1.380797255543110502e+00 -1.160765101331361571e+00 -1.160765101331361127e+00 -1.160765101331358240e+00 5.789802736808180583e-01 6.586517231214339407e-01 6.586517231214358281e-01 6.586517231214393808e-01 1.960000000000001963e+00 1.960000000000002629e+00 2.462113378209937142e+00 2.462113378209937142e+00 2.462113378209938475e+00 3.128683726004704457e+00
9.899999999999999911e-01 -8.067362410600335210e+00 -4.168592887382537526e+00 -1.379369199900110310e+00 -1.165352690800723678e+00 -1.165352690800717461e+00 -1.165352690800716795e+00 5.876977566469325787e-01 6.737516179398723715e-01 6.737516179398741478e-01 6.737516179398793659e-01 1.980000000000000870e+00 1.980000000000001092e+00 2.471601072860851733e+00 2.471601072860853066e+00 2.471601072860853954e+00 3.127626741236094521e+00
1.000000000000000000e+00 -8.143007825301960878e+00 -4.202333068648116843e+00 -1.378160206452725411e+00 -1.170086486626032318e+00 -1.170086486626029654e+00 -1.170086486626028099e+00 5.967871989105595354e-01 6.888921825340146299e-01 6.888921825340176275e-01 6.888921825340195149e-01 2.000000000000000888e+00 2.000000000000001332e+00 2.481194304092015468e+00 2.481194304092015912e+00 2.481194304092016800e+00 3.126713901492217840e+00
1.010000000000000009e+00 -8.218768300135469218e+00 -4.236245829869990764e+00 -1.377172335227810684e+00 -1.174962273892740772e+00 -1.174962273892740328e+00 -1.174962273892731446e+00 6.062405922168516703e-01 7.040686652598995288e-01 7.040686652599013051e-01 7.040686652599015272e-01 2.019999999999999130e+00 2.020000000000000462e+00 2.490893608632840373e+00 2.490893608632842593e+00 2.490893608632843037e+00 3.125945873016466869e+00
1.020000000000000018e+00 -8.294640419366015038e+00 -4.270325583755100851e+00 -1.376407052379350127e+00 -1.179975967954645988e+00 -1.179975967954645544e+00 -1.179975967954643101e+00 6.160496922287035382e-01 7.192764431441645012e-01 7.192764431441651674e-01 7.192764431441678319e-01 2.040000000000000924e+00 2.040000000000003588e+00 2.500699524810482188e+00 2.500699524810483965e+00 2.500699524810484409e+00 3.125323363271730770e+00
1.030000000000000027e+00 -8.370620901927679824e+00 -4.304566986876213086e+00 -1.375865269396314261e+00 -1.185123612002036086e+00 -1.185123612002032534e+00 -1.185123612002029203e+00 6.262060368943420663e-01 7.345110203787375003e-01 7.345110203787384995e-01 7.345110203787406089e-01 2.060000000000002718e+00 2.060000000000002718e+00 2.510612591623294865e+00 2.510612591623296197e+00 2.510612591623297085e+00 3.124847121305843967e+00
1.040000000000000036e+00 -8.446706594802789070e+00 -4.338964926948674083e+00 -1.375547381664886437e+00 -1.190401374430162251e+00 -1.190401374430161363e+00 -1.190401374430160253e+00 6.367009653009865211e-01 7.497680266424591178e-01 7.497680266424598949e-01 7.497680266424638917e-01 2.080000000000001403e+00 2.080000000000002736e+00 2.520633347787704537e+00 2.520633347787704981e+00 2.520633347787706757e+00 3.124517938115339177e+00
1.050000000000000044e+00 -8.522894466790710055e+00 -4.373514510792887222e+00 -1.375453306248042296e+00 -1.195805546045447310e+00 -1.195805546045439760e+00 -1.195805546045439094e+00 6.475256368270190244e-01 7.650432152857563617e-01 7.650432152857583601e-01 7.650432152857591372e-01 2.100000000000001421e+00 2.100000000000001865e+00 2.530762330759685597e+00 2.530762330759686041e+00 2.530762330759686485e+00 3.124336647004597012e+00
1.060000000000000053e+00 -8.599181602640747712e+00 -4.408211052955479659e+00 -1.375582518754365324e+00 -1.201332537142734136e+00 -1.201332537142730805e+00 -1.201332537142726364e+00 6.586710504132819999e-01 7.803324614104886203e-01 7.803324614104891754e-01 7.803324614104896195e-01 2.120000000000000995e+00 2.120000000000001883e+00 2.541000075732241736e+00 2.541000075732242180e+00 2.541000075732243069e+00 3.124304123937281297e+00
1.070000000000000062e+00 -8.675565197523614103e+00 -4.443050064960730516e+00 -1.375934089177099473e+00 -1.206978874483747743e+00 -1.206978874483746189e+00 -1.206978874483743525e+00 6.701280637847357724e-01 7.956317598733573249e-01 7.956317598733587682e-01 7.956317598733599894e-01 2.140000000000000568e+00 2.140000000000000568e+00 2.551347114610391209e+00 2.551347114610391653e+00 2.551347114610392097e+00 3.124421287876757880e+00
1.080000000000000071e+00 -8.752042551819375404e+00 -4.478027245162988557e+00 -1.376506716595885749e+00 -1.212741198203138859e+00 -1.212741198203137749e+00 -1.212741198203136861e+00 6.818874124662364089e-01 8.109372232378114775e-01 8.109372232378140311e-01 8.109372232378169176e-01 2.160000000000000586e+00 2.160000000000002363e+00 2.561803974965326969e+00 2.561803974965327413e+00 2.561803974965328745e+00 3.124689101111987721e+00
1.090000000000000080e+00 -8.828611066199243851e+00 -4.513138469170709932e+00 -1.377298762645530417e+00 -1.218616258665766949e+00 -1.218616258665765839e+00 -1.218616258665764951e+00 6.939397284502866192e-01 8.262450796962069743e-01 8.262450796962103050e-01 8.262450796962123034e-01 2.180000000000000604e+00 2.180000000000001492e+00 2.572371178969558692e+00 2.572371178969560024e+00 2.572371178969560468e+00 3.125108569565171912e+00
1.100000000000000089e+00 -8.905268236984078101e+00 -4.548379780812857653e+00 -1.378308283670047096e+00 -1.224600913295897486e+00 -1.224600913295893934e+00 -1.224600913295893490e+00 7.062755583897661893e-01 8.415516709808928963e-01 8.415516709808940066e-01 8.415516709808980034e-01 2.199999999999999734e+00 2.200000000000002398e+00 2.583049242315002658e+00 2.583049242315003546e+00 2.583049242315004879e+00 3.125680743077190904e+00
1.110000000000000098e+00 -8.982011651759345128e+00 -4.583747383618831606e+00 -1.379533061493039447e+00 -1.230692123396420534e+00 -1.230692123396418314e+00 -1.230692123396411430e+00 7.188853812045463698e-01 8.568534502803040187e-01 8.568534502803062392e-01 8.568534502803065722e-01 2.219999999999999751e+00 2.220000000000000639e+00 2.593838673116111160e+00 2.593838673116112936e+00 2.593838673116113824e+00 3.126406715666644853e+00
1.120000000000000107e+00 -9.058838985231213670e+00 -4.619237632783947944e+00 -1.380970632750089244e+00 -1.236886950973842492e+00 -1.236886950973841159e+00 -1.236886950973840271e+00 7.317596250071547459e-01 8.721469801735334260e-01 8.721469801735336480e-01 8.721469801735372007e-01 2.240000000000000657e+00 2.240000000000001545e+00 2.604739970800309390e+00 2.604739970800310278e+00 2.604739970800313387e+00 3.127287625758066181e+00
1.130000000000000115e+00 -9.135747995307912817e+00 -4.654847027593193687e+00 -1.382618316742355802e+00 -1.243182555582732940e+00 -1.243182555582730053e+00 -1.243182555582726057e+00 7.448886832688090820e-01 8.874289305946092554e-01 8.874289305946099216e-01 8.874289305946111428e-01 2.260000000000000231e+00 2.260000000000001119e+00 2.615753624988121029e+00 2.615753624988121917e+00 2.615753624988122361e+00 3.128324656374627200e+00
1.140000000000000124e+00 -9.212736519392173307e+00 -4.690572204277175139e+00 -1.384473241784164088e+00 -1.249576191201121622e+00 -1.249576191201120734e+00 -1.249576191201116959e+00 7.582629301630952057e-01 9.026960768356276921e-01 9.026960768356281362e-01 9.026960768356294684e-01 2.280000000000002025e+00 2.280000000000002469e+00 2.626880114365492958e+00 2.626880114365494290e+00 2.626880114365494734e+00 3.129519035290389439e+00
1.150000000000000133e+00 -9.289802470871386220e+00 -4.726409929275119381e+00 -1.386532370030323147e+00 -1.256065203147038289e+00 -1.256065203147031850e+00 -1.256065203147030518e+00 7.718727350399006149e-01 9.179452975960065153e-01 9.179452975960065153e-01 9.179452975960088468e-01 2.300000000000000266e+00 2.300000000000003375e+00 2.638119905551029376e+00 2.638119905551029820e+00 2.638119905551030708e+00 3.130872035136899711e+00
1.159999999999999920e+00 -9.366943835793279050e+00 -4.762357092881059017e+00 -1.388792520781058304e+00 -1.262647025044324467e+00 -1.262647025044321580e+00 -1.262647025044318472e+00 7.857084759967056797e-01 9.331735730834702647e-01 9.331735730834707088e-01 9.331735730834713749e-01 2.319999999999999840e+00 2.320000000000000728e+00 2.649473451960850934e+00 2.649473451960851822e+00 2.649473451960852266e+00 3.132384973458674615e+00
1.169999999999999929e+00 -9.444158669715772447e+00 -4.798410703250308273e+00 -1.391250392273783110e+00 -1.269319175844822789e+00 -1.269319175844820125e+00 -1.269319175844819680e+00 7.997605525280118144e-01 9.483779831707852548e-01 9.483779831707876973e-01 9.483779831707882524e-01 2.339999999999999858e+00 2.340000000000000746e+00 2.660941192674036060e+00 2.660941192674036948e+00 2.660941192674037836e+00 3.134059212711832743e+00
1.179999999999999938e+00 -9.521445094719974023e+00 -4.834567880744790713e+00 -1.393902581981179889e+00 -1.276079256912634463e+00 -1.276079256912632243e+00 -1.276079256912631799e+00 8.140193972461138294e-01 9.635557056110299889e-01 9.635557056110317653e-01 9.635557056110339857e-01 2.359999999999999876e+00 2.360000000000000764e+00 2.672523551301601685e+00 2.672523551301602129e+00 2.672523551301603018e+00 3.135896160199882932e+00
1.189999999999999947e+00 -9.598801296577279984e+00 -4.870825852596636807e+00 -1.396745605444282834e+00 -1.282924949174996332e+00 -1.282924949174992335e+00 -1.282924949174988782e+00 8.284754866778354376e-01 9.787040143128462599e-01 9.787040143128478142e-01 9.787040143128479253e-01 2.380000000000000782e+00 2.380000000000001226e+00 2.684220934862150187e+00 2.684220934862151964e+00 2.684220934862153296e+00 3.137897267940415791e+00
1.199999999999999956e+00 -9.676225522060159179e+00 -4.907181947870860483e+00 -1.399775913677119288e+00 -1.289854010343549406e+00 -1.289854010343540969e+00 -1.289854010343538970e+00 8.431193511519214923e-01 9.938202776761820845e-01 9.938202776761827506e-01 9.938202776761833057e-01 2.399999999999999023e+00 2.400000000000001688e+00 2.696033732667361793e+00 2.696033732667364013e+00 2.696033732667364458e+00 3.140064032456195253e+00
1.209999999999999964e+00 -9.753716076389078893e+00 -4.943633592708845725e+00 -1.402989909186687090e+00 -1.296864272208579028e+00 -1.296864272208574143e+00 -1.296864272208567481e+00 8.579415838006969608e-01 1.008901956988010662e+00 1.008901956988013326e+00 1.008901956988013549e+00 2.420000000000000373e+00 2.420000000000001705e+00 2.707962315220559191e+00 2.707962315220559635e+00 2.707962315220560967e+00 3.142397994483888457e+00
1.219999999999999973e+00 -9.831271320807555725e+00 -4.980178305835504915e+00 -1.406383960657676457e+00 -1.303953638008469085e+00 -1.303953638008468641e+00 -1.303953638008461091e+00 8.729328487072467446e-01 1.023946604876790678e+00 1.023946604876791122e+00 1.023946604876791788e+00 2.439999999999999503e+00 2.440000000000000835e+00 2.720007033131674579e+00 2.720007033131675467e+00 2.720007033131675911e+00 3.144900738593458200e+00
1.229999999999999982e+00 -9.908889670276970207e+00 -5.016813694314125271e+00 -1.409954416355807982e+00 -1.311120079875573552e+00 -1.311120079875572886e+00 -1.311120079875564004e+00 8.880838882358625952e-01 1.038951863823611044e+00 1.038951863823612598e+00 1.038951863823614374e+00 2.460000000000000409e+00 2.460000000000000853e+00 2.732168216051956033e+00 2.732168216051956033e+00 2.732168216051956477e+00 3.147573892711010846e+00
1.239999999999999991e+00 -9.986569591285174852e+00 -5.053537449533612502e+00 -1.413697616307739935e+00 -1.318361636359293376e+00 -1.318361636359289157e+00 -1.318361636359286049e+00 9.033855295887875947e-01 1.053915464727533280e+00 1.053915464727533946e+00 1.053915464727534834e+00 2.479999999999999538e+00 2.480000000000000426e+00 2.744446171631755416e+00 2.744446171631757192e+00 2.744446171631757192e+00 3.150419127537718911e+00
1.250000000000000000e+00 -1.006430959976189321e+01 -5.090347343414086012e+00 -1.417609903317903708e+00 -1.325676410026789931e+00 -1.325676410026789487e+00 -1.325676410026783492e+00 9.188286906365976670e-01 1.068835225521979737e+00 1.068835225521981513e+00 1.068835225521983512e+00 2.500000000000001332e+00 2.500000000000002220e+00 2.756841184504807085e+00 2.756841184504807529e+00 2.756841184504808417e+00 3.153438155857259506e+00
1.260000000000000009e+00 -1.014210825909494673e+01 -5.127241224817423948e+00 -1.421687632884485630e+00 -1.333062565141032385e+00 -1.333062565141025724e+00 -1.333062565141024614e+00 9.344043850727512535e-01 1.083709049838713856e+00 1.083709049838715410e+00 1.083709049838717853e+00 2.519999999999999130e+00 2.520000000000000018e+00 2.769353515302312108e+00 2.769353515302313440e+00 2.769353515302313440e+00 3.156632731724070773e+00
1.270000000000000018e+00 -1.021996417824168546e+01 -5.164217016150343120e+00 -1.425927182077841415e+00 -1.340518325415804402e+00 -1.340518325415803069e+00 -1.340518325415793521e+00 9.501037269452008438e-01 1.098534925715609623e+00 1.098534925715611399e+00 1.098534925715612065e+00 2.540000000000000480e+00 2.540000000000001368e+00 2.781983399700188375e+00 2.781983399700189263e+00 2.781983399700189263e+00 3.160004649524632114e+00
1.280000000000000027e+00 -1.029787600993025443e+01 -5.201272710148362677e+00 -1.430324957444786271e+00 -1.348041971846780429e+00 -1.348041971846771325e+00 -1.348041971846771103e+00 9.659179346194344262e-01 1.113310924344060870e+00 1.113310924344061537e+00 1.113310924344063313e+00 2.559999999999999609e+00 2.560000000000000053e+00 2.794731047502713839e+00 2.794731047502715171e+00 2.794731047502716947e+00 3.163555742903945589e+00
1.290000000000000036e+00 -1.037584244894577168e+01 -5.238406366829627459e+00 -1.434877402001963231e+00 -1.355631840617699702e+00 -1.355631840617691930e+00 -1.355631840617689265e+00 9.818383342280403436e-01 1.128035198851875531e+00 1.128035198851877530e+00 1.128035198851878640e+00 2.579999999999999627e+00 2.580000000000000959e+00 2.807596641765817580e+00 2.807596641765818468e+00 2.807596641765820245e+00 3.167287883549317229e+00
1.300000000000000044e+00 -1.045386223049673546e+01 -5.275616110608426723e+00 -1.439581001380542791e+00 -1.363286321080218411e+00 -1.363286321080212860e+00 -1.363286321080211971e+00 9.978563626620080562e-01 1.142705983117156654e+00 1.142705983117157098e+00 1.142705983117160873e+00 2.600000000000000533e+00 2.600000000000002753e+00 2.820580337963059403e+00 2.820580337963062068e+00 2.820580337963062956e+00 3.171202979823666723e+00
1.310000000000000053e+00 -1.053193412865694079e+01 -5.312900127558885188e+00 -1.444432289183116058e+00 -1.371003853806163075e+00 -1.371003853806162187e+00 -1.371003853806159301e+00 1.013963570158341376e+00 1.157321590608798134e+00 1.157321590608798800e+00 1.157321590608800133e+00 2.620000000000000995e+00 2.620000000000002327e+00 2.833682263197368378e+00 2.833682263197369267e+00 2.833682263197370155e+00 3.175302975240654746e+00
1.320000000000000062e+00 -1.061005695488008449e+01 -5.350256662819724340e+00 -1.449427851612018703e+00 -1.378782928710391431e+00 -1.378782928710390543e+00 -1.378782928710382105e+00 1.030151622537704981e+00 1.171880413249063890e+00 1.171880413249067221e+00 1.171880413249067665e+00 2.640000000000000124e+00 2.640000000000001013e+00 2.846902515461322114e+00 2.846902515461322114e+00 2.846902515461324779e+00 3.179589846774096173e+00
1.330000000000000071e+00 -1.068822955658080787e+01 -5.387684018131844610e+00 -1.454564331425891144e+00 -1.386622083242645243e+00 -1.386622083242636583e+00 -1.386622083242632364e+00 1.046412303144119704e+00 1.186380920293873320e+00 1.186380920293875540e+00 1.186380920293876651e+00 2.660000000000000142e+00 2.660000000000001918e+00 2.860241162948765403e+00 2.860241162948765847e+00 2.860241162948765847e+00 3.184065602994393895e+00
1.340000000000000080e+00 -1.076645081578159591e+01 -5.425180549500828064e+00 -1.459838431279754101e+00 -1.394519900646638444e+00 -1.394519900646631116e+00 -1.394519900646622901e+00 1.062737514537073658e+00 1.200821657226390116e+00 1.200821657226391448e+00 1.200821657226393890e+00 2.679999999999999716e+00 2.680000000000000604e+00 2.873698243420238274e+00 2.873698243420238274e+00 2.873698243420240495e+00 3.188732282025069864e+00
1.350000000000000089e+00 -1.084471964781950248e+01 -5.462744664977066122e+00 -1.465246916500384522e+00 -1.402475008284369995e+00 -1.402475008284369551e+00 -1.402475008284358893e+00 1.079119279984047441e+00 1.215201244659715796e+00 1.215201244659719348e+00 1.215201244659719348e+00 2.700000000000000622e+00 2.700000000000001066e+00 2.887273763624648382e+00 2.887273763624648826e+00 2.887273763624649714e+00 3.193591949312869716e+00
1.360000000000000098e+00 -1.092303500011107964e+01 -5.500374822546559628e+00 -1.470786617346943714e+00 -1.410486076023860225e+00 -1.410486076023853563e+00 -1.410486076023850455e+00 1.095549744799107827e+00 1.229518377244585237e+00 1.229518377244587013e+00 1.229518377244588567e+00 2.719999999999998419e+00 2.719999999999999751e+00 2.900967698779265191e+00 2.900967698779266524e+00 2.900967698779266968e+00 3.198646695205448864e+00
1.370000000000000107e+00 -1.100139585097190853e+01 -5.538069528126113639e+00 -1.476454430803801010e+00 -1.418551814688272072e+00 -1.418551814688270296e+00 -1.418551814688261636e+00 1.112021177570490238e+00 1.243771822578211506e+00 1.243771822578214392e+00 1.243771822578214614e+00 2.739999999999997993e+00 2.740000000000001545e+00 2.914779992110053009e+00 2.914779992110053453e+00 2.914779992110054785e+00 3.203898632331306562e+00
1.380000000000000115e+00 -1.107980120848803907e+01 -5.575827333656750540e+00 -1.482247321949707874e+00 -1.426670974564559824e+00 -1.426670974564556937e+00 -1.426670974564554051e+00 1.128525971317165588e+00 1.257960420110554312e+00 1.257960420110556532e+00 1.257960420110560085e+00 2.760000000000000675e+00 2.760000000000001119e+00 2.928710554454002413e+00 2.928710554454004189e+00 2.928710554454006409e+00 3.209349892777301871e+00
1.390000000000000124e+00 -1.115825010943667905e+01 -5.613646835289912929e+00 -1.488162324944867887e+00 -1.434842343969584100e+00 -1.434842343969582767e+00 -1.434842343969572998e+00 1.145056644611447627e+00 1.272083080044645653e+00 1.272083080044646541e+00 1.272083080044647652e+00 2.779999999999998472e+00 2.780000000000002469e+00 2.942759263924930924e+00 2.942759263924933588e+00 2.942759263924935365e+00 3.215002625059983465e+00
1.400000000000000133e+00 -1.123674161825373119e+01 -5.651526671660906942e+00 -1.494196543674689348e+00 -1.443064747871730447e+00 -1.443064747871722453e+00 -1.443064747871720899e+00 1.161605842701384006e+00 1.286138782227729260e+00 1.286138782227731259e+00 1.286138782227734367e+00 2.799999999999998490e+00 2.800000000000001599e+00 2.956925965643995458e+00 2.956925965643995902e+00 2.956925965643997234e+00 3.220858990887908835e+00
1.409999999999999920e+00 -1.131527482604556845e+01 -5.689465522245006568e+00 -1.500347152086221048e+00 -1.451337046566246958e+00 -1.451337046566243849e+00 -1.451337046566238298e+00 1.178166338663561685e+00 1.300126575030438714e+00 1.300126575030440934e+00 1.300126575030442710e+00 2.820000000000001616e+00 2.820000000000002949e+00 2.971210471535801645e+00 2.971210471535802089e+00 2.971210471535803421e+00 3.226921161713202757e+00
1.419999999999999929e+00 -1.139384884964315248e+01 -5.727462105791283342e+00 -1.506611394250876756e+00 -1.459658134402143537e+00 -1.459658134402140206e+00 -1.459658134402131990e+00 1.194731034613441434e+00 1.314045574211277101e+00 1.314045574211278877e+00 1.314045574211279099e+00 2.839999999999999414e+00 2.839999999999999858e+00 2.985612560190860076e+00 2.985612560190860965e+00 2.985612560190862297e+00 3.233191315071842098e+00
1.429999999999999938e+00 -1.147246283069613426e+01 -5.765515178829996756e+00 -1.512986584184361938e+00 -1.468026938558983696e+00 -1.468026938558980143e+00 -1.468026938558977257e+00 1.211292962997041034e+00 1.327894961764257920e+00 1.327894961764259252e+00 1.327894961764262804e+00 2.859999999999998987e+00 2.859999999999999876e+00 3.000131976794721211e+00 3.000131976794722988e+00 3.000131976794725652e+00 3.239671630713422790e+00
1.439999999999999947e+00 -1.155111593480510379e+01 -5.803623534249449989e+00 -1.519470105452382036e+00 -1.476442417871634216e+00 -1.476442417871632440e+00 -1.476442417871624002e+00 1.227845287984250522e+00 1.341673984747668857e+00 1.341673984747672854e+00 1.341673984747673964e+00 2.880000000000000782e+00 2.880000000000002114e+00 3.014768433123958147e+00 3.014768433123958147e+00 3.014768433123960811e+00 3.246364286522659626e+00
1.449999999999999956e+00 -1.162980735069009697e+01 -5.841785999938519325e+00 -1.526059410588417986e+00 -1.484903561701062635e+00 -1.484903561701056640e+00 -1.484903561701056418e+00 1.244381306980552715e+00 1.355381954092277796e+00 1.355381954092279351e+00 1.355381954092280905e+00 2.900000000000000355e+00 2.900000000000001243e+00 3.029521607608781419e+00 3.029521607608781864e+00 3.029521607608782308e+00 3.253271454236448701e+00
1.459999999999999964e+00 -1.170853628939354607e+01 -5.880001437491197969e+00 -1.532752020347618149e+00 -1.493409388849705088e+00 -1.493409388849704644e+00 -1.493409388849693098e+00 1.260894452270459043e+00 1.369018243387755129e+00 1.369018243387758016e+00 1.369018243387758682e+00 2.919999999999999485e+00 2.920000000000001261e+00 3.044391145461941228e+00 3.044391145461941228e+00 3.044391145461942116e+00 3.260395294961902390e+00
1.469999999999999973e+00 -1.178730198351631486e+01 -5.918268740969940822e+00 -1.539545522818821954e+00 -1.501958946519313942e+00 -1.501958946519312166e+00 -1.501958946519311500e+00 1.277378292802386461e+00 1.382582287646214159e+00 1.382582287646214603e+00 1.382582287646216379e+00 2.939999999999999503e+00 2.940000000000002167e+00 3.059376658873100396e+00 3.059376658873102173e+00 3.059376658873102617e+00 3.267737954502655473e+00
1.479999999999999982e+00 -1.186610368648432612e+01 -5.956586835724610118e+00 -1.546437572414767203e+00 -1.510551309310010248e+00 -1.510551309310006474e+00 -1.510551309309997370e+00 1.293826536121147841e+00 1.396073582042237859e+00 1.396073582042240524e+00 1.396073582042241856e+00 2.959999999999999520e+00 2.960000000000001741e+00 3.074477727267764582e+00 3.074477727267766358e+00 3.074477727267767690e+00 3.275301558502518251e+00
1.489999999999999991e+00 -1.194494067184582065e+01 -5.994954677263948817e+00 -1.553425888758694473e+00 -1.519185578258513525e+00 -1.519185578258512859e+00 -1.519185578258503311e+00 1.310233030450921543e+00 1.409491680629002541e+00 1.409491680629004318e+00 1.409491680629007870e+00 2.979999999999999982e+00 2.980000000000001315e+00 3.089693897629503194e+00 3.089693897629504971e+00 3.089693897629504971e+00 3.283088207417547810e+00
1.500000000000000000e+00 -1.202381223259654419e+01 -6.033371250177047784e+00 -1.560508255483869622e+00 -1.527860879914365144e+00 -1.527860879914359149e+00 -1.527860879914358705e+00 1.326591766927842198e+00 1.422836195030413142e+00 1.422836195030414697e+00 1.422836195030415807e+00 2.999999999999998668e+00 2.999999999999999556e+00 3.105024684883947561e+00 3.105024684883948893e+00 3.105024684883951114e+00 3.291099971329586982e+00
1.510000000000000009e+00 -1.210271768053162234e+01 -6.071835567101954823e+00 -1.567682518960951565e+00 -1.536576365452410498e+00 -1.536576365452406723e+00 -1.536576365452397397e+00 1.342896881978147272e+00 1.436106793109523938e+00 1.436106793109523938e+00 1.436106793109525270e+00 3.019999999999999574e+00 3.020000000000001350e+00 3.120469572342879250e+00 3.120469572342880582e+00 3.120469572342881914e+00 3.299338884616350054e+00
1.520000000000000018e+00 -1.218165634562395638e+01 -6.110346667739158022e+00 -1.574946586966638140e+00 -1.545331209820026253e+00 -1.545331209820017815e+00 -1.545331209820014484e+00 1.359142659834495115e+00 1.449303197613658112e+00 1.449303197613660998e+00 1.449303197613661665e+00 3.039999999999999591e+00 3.040000000000000036e+00 3.136028012206364401e+00 3.136028012206364846e+00 3.136028012206365734e+00 3.307806940495260140e+00
1.530000000000000027e+00 -1.226062757542685766e+01 -6.148903617907478747e+00 -1.582298427305659949e+00 -1.554124610917936522e+00 -1.554124610917933635e+00 -1.554124610917928084e+00 1.375323535179759693e+00 1.462425184797121025e+00 1.462425184797123023e+00 1.462425184797125244e+00 3.060000000000000941e+00 3.060000000000001830e+00 3.151699426120813108e+00 3.151699426120813552e+00 3.151699426120817549e+00 3.316506085460201536e+00
1.540000000000000036e+00 -1.233963073449967496e+01 -6.187505508640427365e+00 -1.589736066396977066e+00 -1.562955788812973479e+00 -1.562955788812969482e+00 -1.562955788812963931e+00 1.391434095904541923e+00 1.475472583022411799e+00 1.475472583022414241e+00 1.475472583022416240e+00 3.080000000000000071e+00 3.080000000000002736e+00 3.167483205790552869e+00 3.167483205790553313e+00 3.167483205790556422e+00 3.325438213632502471e+00
1.550000000000000044e+00 -1.241866520385675443e+01 -6.226151455320636074e+00 -1.597257587833756265e+00 -1.571823984981592037e+00 -1.571823984981590261e+00 -1.571823984981580047e+00 1.407469085961817079e+00 1.488445271341228171e+00 1.488445271341229503e+00 1.488445271341231724e+00 3.099999999999999201e+00 3.100000000000000977e+00 3.183378713640356850e+00 3.183378713640357738e+00 3.183378713640358182e+00 3.334605161049292832e+00
1.560000000000000053e+00 -1.249773038043695728e+01 -6.264840596850856258e+00 -1.604861130925782309e+00 -1.580728461582969313e+00 -1.580728461582962208e+00 -1.580728461582952660e+00 1.423423408299169912e+00 1.501343178056771199e+00 1.501343178056773642e+00 1.501343178056773864e+00 3.119999999999999218e+00 3.120000000000002327e+00 3.199385283526187784e+00 3.199385283526190005e+00 3.199385283526190449e+00 3.344008699914389648e+00
1.570000000000000062e+00 -1.257682567659400874e+01 -6.303572094859348773e+00 -1.612544889231852352e+00 -1.589668500760252456e+00 -1.589668500760245129e+00 -1.589668500760244241e+00 1.439292127846653280e+00 1.514166279268949644e+00 1.514166279268951643e+00 1.514166279268955195e+00 3.139999999999998792e+00 3.140000000000001013e+00 3.215502221491294943e+00 3.215502221491296719e+00 3.215502221491298496e+00 3.353650532838523546e+00
1.580000000000000071e+00 -1.265595051960613304e+01 -6.342345132938183028e+00 -1.620307109088938269e+00 -1.598643403969025600e+00 -1.598643403969025378e+00 -1.598643403969012722e+00 1.455070474535897551e+00 1.526914597404363860e+00 1.526914597404364748e+00 1.526914597404365637e+00 3.160000000000000142e+00 3.160000000000001918e+00 3.231728806564656331e+00 3.231728806564657663e+00 3.231728806564659440e+00 3.363532287097355855e+00
1.590000000000000080e+00 -1.273510435120460471e+01 -6.381158915912720886e+00 -1.628146088143890058e+00 -1.607652491331631017e+00 -1.607652491331621913e+00 -1.607652491331618805e+00 1.470753846324083458e+00 1.539588199732985663e+00 1.539588199732987883e+00 1.539588199732990104e+00 3.180000000000000604e+00 3.180000000000001492e+00 3.248064291598634856e+00 3.248064291598637077e+00 3.248064291598640629e+00 3.373655508937134506e+00
1.600000000000000089e+00 -1.281428662711969402e+01 -6.420012669140843897e+00 -1.636060173892993408e+00 -1.616695101016513370e+00 -1.616695101016507152e+00 -1.616695101016502933e+00 1.486337812194441721e+00 1.552187196873797470e+00 1.552187196873797914e+00 1.552187196873800579e+00 3.199999999999998845e+00 3.200000000000000622e+00 3.264507904142712746e+00 3.264507904142713191e+00 3.264507904142714079e+00 3.384021657959048301e+00
1.610000000000000098e+00 -1.289349681664384306e+01 -6.458905637840409497e+00 -1.644047762233744159e+00 -1.625770588641395786e+00 -1.625770588641388459e+00 -1.625770588641381353e+00 1.501818115103726647e+00 1.564711741291446856e+00 1.564711741291450409e+00 1.564711741291450631e+00 3.219999999999999307e+00 3.220000000000000639e+00 3.281058847349938912e+00 3.281058847349939356e+00 3.281058847349940244e+00 3.394632101614237563e+00
1.620000000000000107e+00 -1.297273440221142593e+01 -6.497837086443639443e+00 -1.652107296032736983e+00 -1.634878326699249484e+00 -1.634878326699247708e+00 -1.634878326699233497e+00 1.517190674845665832e+00 1.577162025786360777e+00 1.577162025786360999e+00 1.577162025786362110e+00 3.240000000000000657e+00 3.240000000000001545e+00 3.297716300912882037e+00 3.297716300912884257e+00 3.297716300912884257e+00 3.405488109842090161e+00
1.630000000000000115e+00 -1.305199887899348887e+01 -6.536806297977136637e+00 -1.660237263713095768e+00 -1.644017704006343727e+00 -1.644017704006334180e+00 -1.644017704006331293e+00 1.532451590798819430e+00 1.589538281980649614e+00 1.589538281980650059e+00 1.589538281980652279e+00 3.259999999999999787e+00 3.260000000000001563e+00 3.314479422025686350e+00 3.314479422025687683e+00 3.314479422025689015e+00 3.416590849884863168e+00
1.640000000000000124e+00 -1.313128975450789326e+01 -6.575812573466375710e+00 -1.668436197864076487e+00 -1.653188125171185741e+00 -1.653188125171181300e+00 -1.653188125171176637e+00 1.547597144526763557e+00 1.601840778802285703e+00 1.601840778802286813e+00 1.601840778802287923e+00 3.279999999999998472e+00 3.280000000000002025e+00 3.331347346368890960e+00 3.331347346368893181e+00 3.331347346368896289e+00 3.427941381311546021e+00
1.650000000000000133e+00 -1.321060654824346159e+01 -6.614855231363346633e+00 -1.676702673875470229e+00 -1.662389010083671570e+00 -1.662389010083669350e+00 -1.662389010083656915e+00 1.562623802198512157e+00 1.614069820969958435e+00 1.614069820969959768e+00 1.614069820969960212e+00 3.299999999999997158e+00 3.300000000000000266e+00 3.348319189113703853e+00 3.348319189113704297e+00 3.348319189113705630e+00 3.439540651283764738e+00
1.660000000000000142e+00 -1.328994879129805184e+01 -6.653933606996567107e+00 -1.685035308598548998e+00 -1.671619793423490208e+00 -1.671619793423489320e+00 -1.671619793423478662e+00 1.577528216797516425e+00 1.626225747481122141e+00 1.626225747481123918e+00 1.626225747481126582e+00 3.319999999999998952e+00 3.320000000000002505e+00 3.365394045942359913e+00 3.365394045942361689e+00 3.365394045942363022e+00 3.451389490095603474e+00
1.669999999999999929e+00 -1.336931602602907887e+01 -6.693047052042144784e+00 -1.693432759035404800e+00 -1.680879924187098862e+00 -1.680879924187097751e+00 -1.680879924187084651e+00 1.592307230088222836e+00 1.638308930105715877e+00 1.638308930105718764e+00 1.638308930105720096e+00 3.339999999999999858e+00 3.340000000000001190e+00 3.382570994081373073e+00 3.382570994081373961e+00 3.382570994081375293e+00 3.463488607018410548e+00
1.679999999999999938e+00 -1.344870780571772784e+01 -6.732194934015117482e+00 -1.701893721057787356e+00 -1.690168865232373863e+00 -1.690168865232372308e+00 -1.690168865232360318e+00 1.606957874310601886e+00 1.650319771887955644e+00 1.650319771887956311e+00 1.650319771887959641e+00 3.360000000000001208e+00 3.360000000000002540e+00 3.399849093344412321e+00 3.399849093344414097e+00 3.399849093344415429e+00 3.475838586480032966e+00
1.689999999999999947e+00 -1.352812369424386318e+01 -6.771376635780052666e+00 -1.710416928156634153e+00 -1.699486092840296392e+00 -1.699486092840288620e+00 -1.699486092840285290e+00 1.621477373574297776e+00 1.662258705658599567e+00 1.662258705658600011e+00 1.662258705658605784e+00 3.380000000000000338e+00 3.380000000000001670e+00 3.417227387181691611e+00 3.417227387181692499e+00 3.417227387181695164e+00 3.488439884606250985e+00
1.699999999999999956e+00 -1.360756326577340403e+01 -6.810591555080099724e+00 -1.719001150222933649e+00 -1.708831096292958707e+00 -1.708831096292958041e+00 -1.708831096292940943e+00 1.635863144926364088e+00 1.674126192560109860e+00 1.674126192560111859e+00 1.674126192560114745e+00 3.399999999999999911e+00 3.400000000000001688e+00 3.434704903732840098e+00 3.434704903732840542e+00 3.434704903732840986e+00 3.501292826150065096e+00
1.709999999999999964e+00 -1.368702610445632217e+01 -6.849839104083596197e+00 -1.727645192360553139e+00 -1.718203377467116599e+00 -1.718203377467114823e+00 -1.718203377467101056e+00 1.650112799068549130e+00 1.685922720586830348e+00 1.685922720586833012e+00 1.685922720586833234e+00 3.419999999999998597e+00 3.420000000000000373e+00 3.452280656880273746e+00 3.452280656880275522e+00 3.452280656880279075e+00 3.514397601831923623e+00
1.719999999999999973e+00 -1.376651180413542264e+01 -6.889118708947560066e+00 -1.736347893731320369e+00 -1.727602450442837334e+00 -1.727602450442831561e+00 -1.727602450442826232e+00 1.664224140702965427e+00 1.697648803142531415e+00 1.697648803142532747e+00 1.697648803142532969e+00 3.439999999999997726e+00 3.439999999999999503e+00 3.469953647300298094e+00 3.469953647300298982e+00 3.469953647300299426e+00 3.527754266111295056e+00
1.729999999999999982e+00 -1.384601996806485502e+01 -6.928429809397213646e+00 -1.745108126432609374e+00 -1.737027841126445704e+00 -1.737027841126445260e+00 -1.737027841126431493e+00 1.678195168487743194e+00 1.709304977617309929e+00 1.709304977617310151e+00 1.709304977617311927e+00 3.460000000000000409e+00 3.460000000000001297e+00 3.487722863509127524e+00 3.487722863509128413e+00 3.487722863509129301e+00 3.541362735406925477e+00
1.739999999999999991e+00 -1.392555020863922621e+01 -6.967771858320880085e+00 -1.753924794407332399e+00 -1.746479086887248622e+00 -1.746479086887245291e+00 -1.746479086887233079e+00 1.692024074587639371e+00 1.720891803985880042e+00 1.720891803985880708e+00 1.720891803985882040e+00 3.479999999999999982e+00 3.480000000000001759e+00 3.505587282901360791e+00 3.505587282901362567e+00 3.505587282901364343e+00 3.555222786779808519e+00
1.750000000000000000e+00 -1.400510214713110102e+01 -7.007144321379628948e+00 -1.762796832386405388e+00 -1.755955736207504225e+00 -1.755955736207502893e+00 -1.755955736207483575e+00 1.705709243807722153e+00 1.732409863429135388e+00 1.732409863429136943e+00 1.732409863429137165e+00 3.499999999999998668e+00 3.500000000000000888e+00 3.523545872778362398e+00 3.523545872778363286e+00 3.523545872778365506e+00 3.569334057089411871e+00
1.760000000000000009e+00 -1.408467541343807738e+01 -7.046546676630985218e+00 -1.771723204863259848e+00 -1.765457348345063071e+00 -1.765457348345055522e+00 -1.765457348345043975e+00 1.719249252302151199e+00 1.743859756980751019e+00 1.743859756980752129e+00 1.743859756980753462e+00 3.519999999999999574e+00 3.520000000000002238e+00 3.541597591364307629e+00 3.541597591364308517e+00 3.541597591364311182e+00 3.583696042630123646e+00
1.770000000000000018e+00 -1.416426964583812520e+01 -7.085978414166072881e+00 -1.780702905100294053e+00 -1.774983493008158053e+00 -1.774983493008156055e+00 -1.774983493008142954e+00 1.732642865853402991e+00 1.755242104200452458e+00 1.755242104200453568e+00 1.755242104200455344e+00 3.539999999999998703e+00 3.540000000000000924e+00 3.559741388807695195e+00 3.559741388807696527e+00 3.559741388807698748e+00 3.598308099251083636e+00
1.780000000000000027e+00 -1.424388449075387442e+01 -7.125439035759702833e+00 -1.789734954166641856e+00 -1.784533750041839895e+00 -1.784533750041839228e+00 -1.784533750041826572e+00 1.745889037721382264e+00 1.766557541875474202e+00 1.766557541875476423e+00 1.766557541875477311e+00 3.559999999999999165e+00 3.560000000000001830e+00 3.577976208166357974e+00 3.577976208166358862e+00 3.577976208166359751e+00 3.613169442958835464e+00
1.790000000000000036e+00 -1.432351960252386291e+01 -7.164928054532845536e+00 -1.798818400006965357e+00 -1.794107709125674743e+00 -1.794107709125673411e+00 -1.794107709125656092e+00 1.758986906065232336e+00 1.777806722751607005e+00 1.777806722751608337e+00 1.777806722751610335e+00 3.579999999999999183e+00 3.580000000000000071e+00 3.596300986374059594e+00 3.596300986374060038e+00 3.596300986374060482e+00 3.628279150998452440e+00
1.800000000000000044e+00 -1.440317464318222207e+01 -7.204444994626884480e+00 -1.807952316540634374e+00 -1.803704969482112785e+00 -1.803704969482112563e+00 -1.803704969482098130e+00 1.771935790944715539e+00 1.788990314295055173e+00 1.788990314295058059e+00 1.788990314295059392e+00 3.600000000000000533e+00 3.600000000000000977e+00 3.614714655187047487e+00 3.614714655187049264e+00 3.614714655187049708e+00 3.643636163405021833e+00
1.810000000000000053e+00 -1.448284928224534340e+01 -7.243989390889206348e+00 -1.817135802790706522e+00 -1.813325139595215907e+00 -1.813325139595215241e+00 -1.813325139595199476e+00 1.784735190911348246e+00 1.800108997486261408e+00 1.800108997486264517e+00 1.800108997486265849e+00 3.619999999999999662e+00 3.620000000000001439e+00 3.633216142108945501e+00 3.633216142108946833e+00 3.633216142108949942e+00 3.659239285013908383e+00
1.820000000000000062e+00 -1.456254319650571460e+01 -7.283560788569806377e+00 -1.826367982042111482e+00 -1.822967836939260122e+00 -1.822967836939259234e+00 -1.822967836939245023e+00 1.797384779203075711e+00 1.811163465646628223e+00 1.811163465646629556e+00 1.811163465646630000e+00 3.639999999999998348e+00 3.640000000000002345e+00 3.651804371292623586e+00 3.651804371292625806e+00 3.651804371292626694e+00 3.675087187914563902e+00
1.830000000000000071e+00 -1.464225606983258743e+01 -7.323158743028153950e+00 -1.835648001028367338e+00 -1.832632687716846176e+00 -1.832632687716844844e+00 -1.832632687716830633e+00 1.809884399559446022e+00 1.822154423299036763e+00 1.822154423299039427e+00 1.822154423299040760e+00 3.659999999999998366e+00 3.660000000000000142e+00 3.670478264417799341e+00 3.670478264417800229e+00 3.670478264417802450e+00 3.691178414329652213e+00
1.840000000000000080e+00 -1.472198759297896054e+01 -7.362782819450183425e+00 -1.844975029146119994e+00 -1.842319326606145058e+00 -1.842319326606134178e+00 -1.842319326606128849e+00 1.822234061677244554e+00 1.833082585062887571e+00 1.833082585062888903e+00 1.833082585062894010e+00 3.679999999999999716e+00 3.680000000000000160e+00 3.689236741543246101e+00 3.689236741543248765e+00 3.689236741543252762e+00 3.707511379898017267e+00
1.850000000000000089e+00 -1.480173746339515439e+01 -7.402432592574882619e+00 -1.854348257696800228e+00 -1.852027396516904512e+00 -1.852027396516903623e+00 -1.852027396516889413e+00 1.834433936329302295e+00 1.843948674584199532e+00 1.843948674584201530e+00 1.843948674584201974e+00 3.699999999999999289e+00 3.700000000000000178e+00 3.708078721932697164e+00 3.708078721932697164e+00 3.708078721932698052e+00 3.724084377337544272e+00
1.860000000000000098e+00 -1.488150538504821085e+01 -7.442107646430043744e+00 -1.863766899154715828e+00 -1.861756548354837726e+00 -1.861756548354836172e+00 -1.861756548354818852e+00 1.846484350171553102e+00 1.854753423501266374e+00 1.854753423501268150e+00 1.854753423501269260e+00 3.719999999999999751e+00 3.720000000000000639e+00 3.727003124853563776e+00 3.727003124853564220e+00 3.727003124853565108e+00 3.740895580461405689e+00
1.870000000000000107e+00 -1.496129106824709076e+01 -7.481807574076931644e+00 -1.873230186460762559e+00 -1.871506440794168835e+00 -1.871506440794166393e+00 -1.871506440794148407e+00 1.858385780265559006e+00 1.865497570446282838e+00 1.865497570446284614e+00 1.865497570446285946e+00 3.740000000000000657e+00 3.740000000000000657e+00 3.746008870347877995e+00 3.746008870347878439e+00 3.746008870347879327e+00 3.757943048519220230e+00
1.880000000000000115e+00 -1.504109422947373886e+01 -7.521531977363419941e+00 -1.882737372341105608e+00 -1.881276740057858499e+00 -1.881276740057857610e+00 -1.881276740057848063e+00 1.870138848345351601e+00 1.876181860083035113e+00 1.876181860083038000e+00 1.876181860083042219e+00 3.760000000000002895e+00 3.760000000000003784e+00 3.765094879974821840e+00 3.765094879974822728e+00 3.765094879974824060e+00 3.775224730832877906e+00
1.890000000000000124e+00 -1.512091459121909054e+01 -7.561280466685301960e+00 -1.892287728650034584e+00 -1.891067119705410526e+00 -1.891067119705399868e+00 -1.891067119705398314e+00 1.881744314858870171e+00 1.886807042180925986e+00 1.886807042180927096e+00 1.886807042180927541e+00 3.779999999999999361e+00 3.780000000000001137e+00 3.784260077524476351e+00 3.784260077524476795e+00 3.784260077524478572e+00 3.792738471695511926e+00
1.900000000000000133e+00 -1.520075188182471848e+01 -7.601052660755472701e+00 -1.901880545736250649e+00 -1.900877260427685345e+00 -1.900877260427684012e+00 -1.900877260427672688e+00 1.893203072815297316e+00 1.897373870725197698e+00 1.897373870725200140e+00 1.897373870725202583e+00 3.799999999999998490e+00 3.799999999999999822e+00 3.803503389702477033e+00 3.803503389702477477e+00 3.803503389702478366e+00 3.810482015501133191e+00
1.910000000000000142e+00 -1.528060583532932881e+01 -7.640848186380615914e+00 -1.911515131831903691e+00 -1.910706849848789801e+00 -1.910706849848788247e+00 -1.910706849848773148e+00 1.904516141470085966e+00 1.907883103063426677e+00 1.907883103063428898e+00 1.907883103063430452e+00 3.819999999999998508e+00 3.820000000000001172e+00 3.822823746785352306e+00 3.822823746785355414e+00 3.822823746785355414e+00 3.828453012071749928e+00
1.919999999999999929e+00 -1.536047619131982955e+01 -7.680666678245160917e+00 -1.921190812463593023e+00 -1.920555582334483535e+00 -1.920555582334482425e+00 -1.920555582334464217e+00 1.915684659879866913e+00 1.918335499087963525e+00 1.918335499087965745e+00 1.918335499087967300e+00 3.839999999999998970e+00 3.839999999999999414e+00 3.842220083246506768e+00 3.842220083246509876e+00 3.842220083246511653e+00 3.846649022148712405e+00
1.929999999999999938e+00 -1.544036269478739065e+01 -7.720507778702252466e+00 -1.930906929884651291e+00 -1.930423158806993333e+00 -1.930423158806991113e+00 -1.930423158806968686e+00 1.926709880359317673e+00 1.928731820454154366e+00 1.928731820454156587e+00 1.928731820454157475e+00 3.860000000000000320e+00 3.860000000000001208e+00 3.861691338352829739e+00 3.861691338352830627e+00 3.861691338352831515e+00 3.865067523014976913e+00
1.939999999999999947e+00 -1.552026509598776371e+01 -7.760371137571380196e+00 -1.940662842527980381e+00 -1.940309286565960134e+00 -1.940309286565959246e+00 -1.940309286565943925e+00 1.937593161871629333e+00 1.939072829833925260e+00 1.939072829833928369e+00 1.939072829833928813e+00 3.880000000000000338e+00 3.880000000000002558e+00 3.881236456732024998e+00 3.881236456732027218e+00 3.881236456732028106e+00 3.883705914215500155e+00
1.949999999999999956e+00 -1.560018315030600888e+01 -7.800256411942450896e+00 -1.950457924478783855e+00 -1.950213679115287757e+00 -1.950213679115286869e+00 -1.950213679115270882e+00 1.948335963383546643e+00 1.949359290204353057e+00 1.949359290204354833e+00 1.949359290204355499e+00 3.899999999999999911e+00 3.900000000000000355e+00 3.900854388910925064e+00 3.900854388910926840e+00 3.900854388910929060e+00 3.902561523343722083e+00
1.959999999999999964e+00 -1.568011661812535706e+01 -7.840163265986173968e+00 -1.960291564966457623e+00 -1.960136055995643112e+00 -1.960136055995641780e+00 -1.960136055995617133e+00 1.958939837214984658e+00 1.959591964170674050e+00 1.959591964170677381e+00 1.959591964170679601e+00 3.919999999999999485e+00 3.920000000000000817e+00 3.920544091824957444e+00 3.920544091824958777e+00 3.920544091824959221e+00 3.921631611863014122e+00
1.969999999999999973e+00 -1.576006526470000857e+01 -7.880091370770275105e+00 -1.970163167875020882e+00 -1.970076142622450455e+00 -1.970076142622448900e+00 -1.970076142622440463e+00 1.969406422411942970e+00 1.969771613323230142e+00 1.969771613323233028e+00 1.969771613323233250e+00 3.940000000000002167e+00 3.940000000000002167e+00 3.940304529299214042e+00 3.940304529299215375e+00 3.940304529299217595e+00 3.940913380933362298e+00
1.979999999999999982e+00 -1.584002886003186994e+01 -7.920040404081628793e+00 -1.980072151271426772e+00 -1.980033670129100587e+00 -1.980033670129100143e+00 -1.980033670129087042e+00 1.979737438170058317e+00 1.979898997627644874e+00 1.979898997627650648e+00 1.979898997627651092e+00 3.959999999999999964e+00 3.960000000000001741e+00 3.960134672501446573e+00 3.960134672501447461e+00 3.960134672501448350e+00 3.960403977214868032e+00
1.989999999999999991e+00 -1.592000717875107085e+01 -7.960010050253794489e+00 -1.990017946951077921e+00 -1.990008375215263969e+00 -1.990008375215262637e+00 -1.990008375215240433e+00 1.989934677334478819e+00 1.989974874847696862e+00 1.989974874847699082e+00 1.989974874847703967e+00 3.979999999999998650e+00 3.980000000000000870e+00 3.980033500367557320e+00 3.980033500367557764e+00 3.980033500367560428e+00 3.980100498621480742e+00
