0.000000000000000000e+00 9.999999993000836529e-01
1.000000000000000021e-02 9.999974755510092628e-01
2.000000000000000042e-02 9.999898222324263841e-01
2.999999999999999889e-02 9.999769137399951990e-01
4.000000000000000083e-02 9.999586267501191506e-01
5.000000000000000278e-02 9.999348402144672132e-01
5.999999999999999778e-02 9.999054353460693489e-01
7.000000000000000666e-02 9.998702955970202311e-01
8.000000000000000167e-02 9.998293066277791352e-01
8.999999999999999667e-02 9.997823562681035225e-01
1.000000000000000056e-01 9.997293344696464024e-01
1.100000000000000006e-01 9.996701332502613280e-01
1.199999999999999956e-01 9.996046466300659850e-01
1.300000000000000044e-01 9.995327705593342049e-01
1.400000000000000133e-01 9.994544028382682521e-01
1.499999999999999944e-01 9.993694430287487496e-01
1.600000000000000033e-01 9.992777923581401822e-01
1.700000000000000122e-01 9.991793536152423494e-01
1.799999999999999933e-01 9.990740310384891298e-01
1.900000000000000022e-01 9.989617301965171281e-01
2.000000000000000111e-01 9.988423578611917986e-01
2.099999999999999922e-01 9.987158218732404835e-01
2.200000000000000011e-01 9.985820310006046086e-01
2.300000000000000100e-01 9.984408947896437070e-01
2.399999999999999911e-01 9.982923234093481479e-01
2.500000000000000000e-01 9.981362274886821373e-01
2.600000000000000089e-01 9.979725179472356267e-01
2.700000000000000178e-01 9.978011058193222427e-01
2.800000000000000266e-01 9.976219020716987629e-01
2.899999999999999800e-01 9.974348174150727830e-01
2.999999999999999889e-01 9.972397621095733244e-01
3.099999999999999978e-01 9.970366457643693447e-01
3.200000000000000067e-01 9.968253771316181178e-01
3.300000000000000155e-01 9.966058638949503168e-01
3.400000000000000244e-01 9.963780124526729898e-01
3.500000000000000333e-01 9.961417276959184663e-01
3.599999999999999867e-01 9.958969127819474743e-01
3.699999999999999956e-01 9.956434689028199614e-01
3.800000000000000044e-01 9.953812950496848666e-01
3.900000000000000133e-01 9.951102877729105511e-01
4.000000000000000222e-01 9.948303409383209006e-01
4.100000000000000311e-01 9.945413454797881192e-01
4.199999999999999845e-01 9.942431891484595496e-01
4.299999999999999933e-01 9.939357562588981843e-01
4.400000000000000022e-01 9.936189274324442877e-01
4.500000000000000111e-01 9.932925793380898982e-01
4.600000000000000200e-01 9.929565844312174816e-01
4.700000000000000289e-01 9.926108106905257022e-01
4.799999999999999822e-01 9.922551213535153458e-01
4.899999999999999911e-01 9.918893746509123144e-01
5.000000000000000000e-01 9.915134235404300389e-01
5.100000000000000089e-01 9.911271154402926387e-01
5.200000000000000178e-01 9.907302919629740190e-01
5.300000000000000266e-01 9.903227886496250854e-01
5.400000000000000355e-01 9.899044347056871196e-01
5.500000000000000444e-01 9.894750527382319971e-01
5.600000000000000533e-01 9.890344584955932383e-01
5.700000000000000622e-01 9.885824606098820855e-01
5.799999999999999600e-01 9.881188603430327566e-01
5.899999999999999689e-01 9.876434513370502266e-01
5.999999999999999778e-01 9.871560193691727436e-01
6.099999999999999867e-01 9.866563421127193534e-01
6.199999999999999956e-01 9.861441889044212372e-01
6.300000000000000044e-01 9.856193205190999507e-01
6.400000000000000133e-01 9.850814889525936202e-01
6.500000000000000222e-01 9.845304372139008775e-01
6.600000000000000311e-01 9.839658991275535005e-01
6.700000000000000400e-01 9.833875991472974532e-01
6.800000000000000488e-01 9.827952521822237442e-01
6.900000000000000577e-01 9.821885634365413731e-01
7.000000000000000666e-01 9.815672282642753377e-01
7.099999999999999645e-01 9.809309320401982113e-01
7.199999999999999734e-01 9.802793500484344724e-01
7.299999999999999822e-01 9.796121473901717724e-01
7.399999999999999911e-01 9.789289789120581009e-01
7.500000000000000000e-01 9.782294891568791284e-01
7.600000000000000089e-01 9.775133123382190314e-01
7.700000000000000178e-01 9.767800723408575081e-01
7.800000000000000266e-01 9.760293827487476204e-01
7.900000000000000355e-01 9.752608469024605098e-01
8.000000000000000444e-01 9.744740579880881715e-01
8.100000000000000533e-01 9.736685991596283340e-01
8.200000000000000622e-01 9.728440436969478800e-01
8.300000000000000711e-01 9.719999552014826349e-01
8.399999999999999689e-01 9.711358878318860910e-01
8.499999999999999778e-01 9.702513865818539474e-01
8.599999999999999867e-01 9.693459876024318467e-01
8.699999999999999956e-01 9.684192185711034684e-01
8.800000000000000044e-01 9.674705991099875613e-01
8.900000000000000133e-01 9.664996412554753835e-01
9.000000000000000222e-01 9.655058499816288053e-01
9.100000000000000311e-01 9.644887237796256896e-01
9.200000000000000400e-01 9.634477552955138524e-01
9.300000000000000488e-01 9.623824320284498635e-01
9.400000000000000577e-01 9.612922370915396586e-01
9.500000000000000666e-01 9.601766500372744817e-01
9.599999999999999645e-01 9.590351477494402088e-01
9.699999999999999734e-01 9.578672054032114636e-01
9.799999999999999822e-01 9.566722974949739555e-01
9.899999999999999911e-01 9.554498989431849942e-01
1.000000000000000000e+00 9.541994862613660811e-01
1.010000000000000009e+00 9.529205388040118407e-01
1.020000000000000018e+00 9.516125400859360983e-01
1.030000000000000027e+00 9.502749791751737840e-01
1.040000000000000036e+00 9.489073521592383820e-01
1.050000000000000044e+00 9.475091636840695664e-01
1.060000000000000053e+00 9.460799285645884460e-01
1.070000000000000062e+00 9.446191734652616967e-01
1.080000000000000071e+00 9.431264386485894713e-01
1.090000000000000080e+00 9.416012797888377861e-01
1.100000000000000089e+00 9.400432698477700910e-01
1.110000000000000098e+00 9.384520010085151132e-01
1.120000000000000107e+00 9.368270866630603599e-01
1.130000000000000115e+00 9.351681634481739946e-01
1.140000000000000124e+00 9.334748933239218616e-01
1.150000000000000133e+00 9.317469656881867124e-01
1.159999999999999920e+00 9.299840995199381011e-01
1.169999999999999929e+00 9.281860455432650037e-01
1.179999999999999938e+00 9.263525884034919944e-01
1.189999999999999947e+00 9.244835488460209083e-01
1.199999999999999956e+00 9.225787858878438108e-01
1.209999999999999964e+00 9.206381989710799019e-01
1.219999999999999973e+00 9.186617300872632619e-01
1.229999999999999982e+00 9.166493658605749939e-01
1.239999999999999991e+00 9.146011395777419173e-01
1.250000000000000000e+00 9.125171331518937556e-01
1.260000000000000009e+00 9.103974790073536827e-01
1.270000000000000018e+00 9.082423618720869563e-01
1.280000000000000027e+00 9.060520204644065823e-01
1.290000000000000036e+00 9.038267490604836585e-01
1.300000000000000044e+00 9.015668989293075253e-01
1.310000000000000053e+00 8.992728796219481291e-01
1.320000000000000062e+00 8.969451601023092913e-01
1.330000000000000071e+00 8.945842697070258698e-01
1.340000000000000080e+00 8.921907989227758629e-01
1.350000000000000089e+00 8.897653999700174676e-01
1.360000000000000098e+00 8.873087871830384055e-01
1.370000000000000107e+00 8.848217371772155726e-01
1.380000000000000115e+00 8.823050887955438126e-01
1.390000000000000124e+00 8.797597428277165177e-01
1.400000000000000133e+00 8.771866614964604070e-01
1.409999999999999920e+00 8.745868677072548003e-01
1.419999999999999929e+00 8.719614440591600957e-01
1.429999999999999938e+00 8.693115316160928696e-01
1.439999999999999947e+00 8.666383284395758890e-01
1.449999999999999956e+00 8.639430878857158325e-01
1.459999999999999964e+00 8.612271166709004611e-01
1.469999999999999973e+00 8.584917727124394826e-01
1.479999999999999982e+00 8.557384627520969733e-01
1.489999999999999991e+00 8.529686397721200075e-01
1.500000000000000000e+00 8.501838002149741946e-01
1.510000000000000009e+00 8.473854810195293741e-01
1.520000000000000018e+00 8.445752564878294955e-01
1.530000000000000027e+00 8.417547349978899973e-01
1.540000000000000036e+00 8.389255555791178542e-01
1.550000000000000044e+00 8.360893843679387816e-01
1.560000000000000053e+00 8.332479109620726243e-01
1.570000000000000062e+00 8.304028446925627582e-01
1.580000000000000071e+00 8.275559108330784452e-01
1.590000000000000080e+00 8.247088467664720479e-01
1.600000000000000089e+00 8.218633981284692025e-01
1.610000000000000098e+00 8.190213149484658617e-01
1.620000000000000107e+00 8.161843478070679447e-01
1.630000000000000115e+00 8.133542440295934428e-01
1.640000000000000124e+00 8.105327439341688534e-01
1.650000000000000133e+00 8.077215771522670007e-01
1.660000000000000142e+00 8.049224590386742095e-01
1.669999999999999929e+00 8.021370871868103158e-01
1.679999999999999938e+00 7.993671380642073387e-01
1.689999999999999947e+00 7.966142637816991945e-01
1.699999999999999956e+00 7.938800890085737638e-01
1.709999999999999964e+00 7.911662080445380774e-01
1.719999999999999973e+00 7.884741820579532767e-01
1.729999999999999982e+00 7.858055364983235203e-01
1.739999999999999991e+00 7.831617586895764926e-01
1.750000000000000000e+00 7.805442956092309981e-01
1.760000000000000009e+00 7.779545518571061580e-01
1.770000000000000018e+00 7.753938878158526116e-01
1.780000000000000027e+00 7.728636180042289805e-01
1.790000000000000036e+00 7.703650096227920852e-01
1.800000000000000044e+00 7.678992812904367193e-01
1.810000000000000053e+00 7.654676019691145639e-01
1.820000000000000062e+00 7.630710900730047763e-01
1.830000000000000071e+00 7.607108127574668810e-01
1.840000000000000080e+00 7.583877853822461601e-01
1.850000000000000089e+00 7.561029711426457967e-01
1.860000000000000098e+00 7.538572808617268750e-01
1.870000000000000107e+00 7.516515729359903863e-01
1.880000000000000115e+00 7.494866534266196867e-01
1.890000000000000124e+00 7.473632762878835711e-01
1.900000000000000133e+00 7.452821437240513269e-01
1.910000000000000142e+00 7.432439066660483373e-01
1.919999999999999929e+00 7.412491653588102469e-01
1.929999999999999938e+00 7.392984700503928419e-01
1.939999999999999947e+00 7.373923217738332925e-01
1.949999999999999956e+00 7.355311732128796409e-01
1.959999999999999964e+00 7.337154296428606282e-01
1.969999999999999973e+00 7.319454499381131685e-01
1.979999999999999982e+00 7.302215476377139636e-01
1.989999999999999991e+00 7.285439920614577014e-01
2.000000000000000000e+00 7.269130094683640131e-01
2.010000000000000231e+00 7.253287842503868266e-01
2.020000000000000018e+00 7.237914601542718707e-01
2.030000000000000249e+00 7.223011415249618317e-01
2.040000000000000036e+00 7.208578945643141500e-01
2.049999999999999822e+00 7.194617485992815809e-01
2.060000000000000053e+00 7.181126973541200886e-01
2.069999999999999840e+00 7.168107002216275170e-01
2.080000000000000071e+00 7.155556835287341100e-01
2.089999999999999858e+00 7.143475417922605653e-01
2.100000000000000089e+00 7.131861389609654989e-01
2.109999999999999876e+00 7.120713096404244213e-01
2.120000000000000107e+00 7.110028602976413703e-01
2.129999999999999893e+00 7.099805704426227493e-01
2.140000000000000124e+00 7.090041937845241726e-01
2.149999999999999911e+00 7.080734593602496796e-01
2.160000000000000142e+00 7.071880726337291811e-01
2.169999999999999929e+00 7.063477165643644584e-01
2.180000000000000160e+00 7.055520526434166939e-01
2.189999999999999947e+00 7.048007218973608712e-01
2.200000000000000178e+00 7.040933458574532011e-01
2.209999999999999964e+00 7.034295274950149723e-01
2.220000000000000195e+00 7.028088521220993146e-01
2.229999999999999982e+00 7.022308882574104238e-01
2.240000000000000213e+00 7.016951884575373111e-01
2.250000000000000000e+00 7.012012901136789322e-01
2.260000000000000231e+00 7.007487162142208570e-01
2.270000000000000018e+00 7.003369760736247729e-01
2.280000000000000249e+00 6.999655660282201319e-01
2.290000000000000036e+00 6.996339700995871658e-01
2.300000000000000266e+00 6.993416606263133106e-01
2.310000000000000053e+00 6.990880988649788019e-01
2.319999999999999840e+00 6.988727355613104653e-01
2.330000000000000071e+00 6.986950114924812549e-01
2.339999999999999858e+00 6.985543579816106963e-01
2.350000000000000089e+00 6.984501973855422596e-01
2.359999999999999876e+00 6.983819435570198797e-01
2.370000000000000107e+00 6.983490022824067056e-01
2.379999999999999893e+00 6.983507716961210310e-01
2.390000000000000124e+00 6.983866426729664623e-01
2.399999999999999911e+00 6.984559991995541450e-01
2.410000000000000142e+00 6.985582187260118703e-01
2.419999999999999929e+00 6.986926724991774362e-01
2.430000000000000160e+00 6.988587258784734191e-01
2.439999999999999947e+00 6.990557386356475167e-01
2.450000000000000178e+00 6.992830652395491953e-01
2.459999999999999964e+00 6.995400551271097056e-01
2.470000000000000195e+00 6.998260529616642245e-01
2.479999999999999982e+00 7.001403988797386679e-01
2.490000000000000213e+00 7.004824287274131756e-01
2.500000000000000000e+00 7.008514742873196424e-01
2.510000000000000231e+00 7.012468634973543224e-01
2.520000000000000018e+00 7.016679206621017073e-01
2.530000000000000249e+00 7.021139666579974126e-01
2.540000000000000036e+00 7.025843191331652138e-01
2.550000000000000266e+00 7.030782927029048945e-01
2.560000000000000053e+00 7.035951991416974360e-01
2.569999999999999840e+00 7.041343475726303813e-01
2.580000000000000071e+00 7.046950446550735991e-01
2.589999999999999858e+00 7.052765947714111361e-01
2.600000000000000089e+00 7.058783002136100881e-01
2.609999999999999876e+00 7.064994613703599047e-01
2.620000000000000107e+00 7.071393769154927789e-01
2.629999999999999893e+00 7.077973439983394899e-01
2.640000000000000124e+00 7.084726584366880520e-01
2.649999999999999911e+00 7.091646149129017251e-01
2.660000000000000142e+00 7.098725071737922443e-01
2.669999999999999929e+00 7.105956282347650754e-01
2.680000000000000160e+00 7.113332705887224217e-01
2.689999999999999947e+00 7.120847264201930482e-01
2.700000000000000178e+00 7.128492878250979325e-01
2.709999999999999964e+00 7.136262470365372090e-01
2.720000000000000195e+00 7.144148966569576764e-01
2.729999999999999982e+00 7.152145298970028486e-01
2.740000000000000213e+00 7.160244408213236600e-01
2.750000000000000000e+00 7.168439246015960720e-01
2.760000000000000231e+00 7.176722777769484196e-01
2.770000000000000018e+00 7.185087985219766882e-01
2.780000000000000249e+00 7.193527869224652926e-01
2.790000000000000036e+00 7.202035452589420350e-01
2.800000000000000266e+00 7.210603782981085397e-01
2.810000000000000053e+00 7.219225935921860238e-01
2.819999999999999840e+00 7.227895017861895033e-01
2.830000000000000071e+00 7.236604169330637104e-01
2.839999999999999858e+00 7.245346568166424195e-01
2.850000000000000089e+00 7.254115432823039500e-01
2.859999999999999876e+00 7.262904025752072723e-01
2.870000000000000107e+00 7.271705656859159816e-01
2.879999999999999893e+00 7.280513687032345027e-01
2.890000000000000124e+00 7.289321531740102778e-01
2.899999999999999911e+00 7.298122664696370387e-01
2.910000000000000142e+00 7.306910621589767230e-01
2.919999999999999929e+00 7.315679003873515329e-01
2.930000000000000160e+00 7.324421482612909484e-01
2.939999999999999947e+00 7.333131802386037013e-01
2.950000000000000178e+00 7.341803785233946833e-01
2.959999999999999964e+00 7.350431334655792570e-01
2.970000000000000195e+00 7.359008439644225685e-01
2.979999999999999982e+00 7.367529178756084818e-01
2.990000000000000213e+00 7.375987724213252106e-01
3.000000000000000000e+00 7.384378346028223072e-01
3.010000000000000231e+00 7.392695416148548082e-01
3.020000000000000018e+00 7.400933412614419948e-01
3.030000000000000249e+00 7.409086923723097184e-01
3.040000000000000036e+00 7.417150652193891247e-01
3.050000000000000266e+00 7.425119419326903225e-01
3.060000000000000053e+00 7.432988169149138402e-01
3.070000000000000284e+00 7.440751972540545767e-01
3.080000000000000071e+00 7.448406031333111299e-01
3.089999999999999858e+00 7.455945682375657579e-01
3.100000000000000089e+00 7.463366401556759122e-01
3.109999999999999876e+00 7.470663807778109566e-01
3.120000000000000107e+00 7.477833666870783436e-01
3.129999999999999893e+00 7.484871895446192358e-01
3.140000000000000124e+00 7.491774564674061887e-01
3.149999999999999911e+00 7.498537903978892416e-01
3.160000000000000142e+00 7.505158304647175926e-01
3.169999999999999929e+00 7.511632323336761008e-01
3.180000000000000160e+00 7.517956685480164936e-01
3.189999999999999947e+00 7.524128288573467271e-01
3.200000000000000178e+00 7.530144205342331754e-01
3.209999999999999964e+00 7.536001686776819808e-01
3.220000000000000195e+00 7.541698165026489153e-01
3.229999999999999982e+00 7.547231256147458600e-01
3.240000000000000213e+00 7.552598762692985801e-01
3.250000000000000000e+00 7.557798676139413363e-01
3.260000000000000231e+00 7.562829179138993441e-01
3.270000000000000018e+00 7.567688647591701567e-01
3.280000000000000249e+00 7.572375652527724155e-01
3.290000000000000036e+00 7.576888961792922483e-01
3.300000000000000266e+00 7.581227541529350633e-01
3.310000000000000053e+00 7.585390557443187909e-01
3.320000000000000284e+00 7.589377375852756069e-01
3.330000000000000071e+00 7.593187564509286114e-01
3.339999999999999858e+00 7.596820893183413581e-01
3.350000000000000089e+00 7.600277334010662189e-01
3.359999999999999876e+00 7.603557061589413246e-01
3.370000000000000107e+00 7.606660452825106944e-01
3.379999999999999893e+00 7.609588086514724736e-01
3.390000000000000124e+00 7.612340742666131588e-01
3.399999999999999911e+00 7.614919401546749178e-01
3.410000000000000142e+00 7.617325242457050338e-01
3.419999999999999929e+00 7.619559642224168483e-01
3.430000000000000160e+00 7.621624173411638559e-01
3.439999999999999947e+00 7.623520602241794508e-01
3.450000000000000178e+00 7.625250886227528113e-01
3.459999999999999964e+00 7.626817171510854587e-01
3.470000000000000195e+00 7.628221789906184380e-01
3.479999999999999982e+00 7.629467255646686930e-01
3.490000000000000213e+00 7.630556261832638354e-01
3.500000000000000000e+00 7.631491676581397821e-01
3.510000000000000231e+00 7.632276538879109173e-01
3.520000000000000018e+00 7.632914054134818382e-01
3.530000000000000249e+00 7.633407589438501173e-01
3.540000000000000036e+00 7.633760668524991466e-01
3.550000000000000266e+00 7.633976966446520684e-01
3.560000000000000053e+00 7.634060303957282967e-01
3.570000000000000284e+00 7.634014641614191854e-01
3.580000000000000071e+00 7.633844073598582414e-01
3.589999999999999858e+00 7.633552821264533161e-01
3.600000000000000089e+00 7.633145226419999485e-01
3.609999999999999876e+00 7.632625744348005004e-01
3.620000000000000107e+00 7.631998936575512538e-01
3.629999999999999893e+00 7.631269463398827613e-01
3.640000000000000124e+00 7.630442076174732691e-01
3.649999999999999911e+00 7.629521609387658332e-01
3.660000000000000142e+00 7.628512972503745937e-01
3.669999999999999929e+00 7.627421141623613732e-01
3.680000000000000160e+00 7.626251150946316004e-01
3.689999999999999947e+00 7.625008084057781632e-01
3.700000000000000178e+00 7.623697065057730704e-01
3.709999999999999964e+00 7.622323249540029488e-01
3.720000000000000195e+00 7.620891815441798167e-01
3.729999999999999982e+00 7.619407953777755926e-01
3.740000000000000213e+00 7.617876859276625501e-01
3.750000000000000000e+00 7.616303720937340760e-01
3.760000000000000231e+00 7.614693712523319391e-01
3.770000000000000018e+00 7.613051983013731094e-01
3.780000000000000249e+00 7.611383647031370048e-01
3.790000000000000036e+00 7.609693775267194482e-01
3.800000000000000266e+00 7.607987384922120233e-01
3.810000000000000053e+00 7.606269430187320157e-01
3.820000000000000284e+00 7.604544792784455609e-01
3.830000000000000071e+00 7.602818272587912318e-01
3.839999999999999858e+00 7.601094578351337283e-01
3.850000000000000089e+00 7.599378318561089696e-01
3.859999999999999876e+00 7.597673992439445412e-01
3.870000000000000107e+00 7.595985981120703112e-01
3.879999999999999893e+00 7.594318539023214854e-01
3.890000000000000124e+00 7.592675785440847758e-01
3.899999999999999911e+00 7.591061696376796286e-01
3.910000000000000142e+00 7.589480096643211882e-01
3.919999999999999929e+00 7.587934652249531675e-01
3.930000000000000160e+00 7.586428863102461229e-01
3.939999999999999947e+00 7.584966056039966764e-01
3.950000000000000178e+00 7.583549378221772219e-01
3.959999999999999964e+00 7.582181790897830620e-01
3.970000000000000195e+00 7.580866063576215952e-01
3.979999999999999982e+00 7.579604768611035714e-01
3.990000000000000213e+00 7.578400276230357058e-01
4.000000000000000000e+00 7.577254750023387775e-01
4.009999999999999787e+00 7.576170142905381821e-01
4.020000000000000462e+00 7.575148193577708744e-01
4.030000000000000249e+00 7.574190423499621572e-01
4.040000000000000036e+00 7.573298134387245195e-01
4.049999999999999822e+00 7.572472406254028288e-01
4.060000000000000497e+00 7.571714096005720540e-01
4.070000000000000284e+00 7.571023836601761259e-01
4.080000000000000071e+00 7.570402036793394407e-01
4.089999999999999858e+00 7.569848881447560629e-01
4.099999999999999645e+00 7.569364332464014744e-01
4.110000000000000320e+00 7.568948130291521803e-01
4.120000000000000107e+00 7.568599796047467132e-01
4.129999999999999893e+00 7.568318634243350607e-01
4.139999999999999680e+00 7.568103736117069991e-01
4.150000000000000355e+00 7.567953983570949728e-01
4.160000000000000142e+00 7.567868053712665244e-01
4.169999999999999929e+00 7.567844423994386505e-01
4.179999999999999716e+00 7.567881377943528332e-01
4.190000000000000391e+00 7.567977011476402227e-01
4.200000000000000178e+00 7.568129239784321394e-01
4.209999999999999964e+00 7.568335804779544596e-01
4.219999999999999751e+00 7.568594283086482744e-01
4.230000000000000426e+00 7.568902094561639204e-01
4.240000000000000213e+00 7.569256511323688708e-01
4.250000000000000000e+00 7.569654667273032489e-01
4.259999999999999787e+00 7.570093568078443136e-01
4.270000000000000462e+00 7.570570101606119984e-01
4.280000000000000249e+00 7.571081048764806143e-01
4.290000000000000036e+00 7.571623094738606508e-01
4.299999999999999822e+00 7.572192840577350870e-01
4.310000000000000497e+00 7.572786815112574343e-01
4.320000000000000284e+00 7.573401487165400958e-01
4.330000000000000071e+00 7.574033278011108594e-01
4.339999999999999858e+00 7.574678574063428149e-01
4.350000000000000533e+00 7.575333739740262029e-01
4.360000000000000320e+00 7.575995130471050443e-01
4.370000000000000107e+00 7.576659105804900429e-01
4.379999999999999893e+00 7.577322042577125938e-01
4.389999999999999680e+00 7.577980348091150065e-01
4.400000000000000355e+00 7.578630473271575907e-01
4.410000000000000142e+00 7.579268925743494201e-01
4.419999999999999929e+00 7.579892282792548563e-01
4.429999999999999716e+00 7.580497204159686309e-01
4.440000000000000391e+00 7.581080444624228587e-01
4.450000000000000178e+00 7.581638866328733739e-01
4.459999999999999964e+00 7.582169450799102206e-01
4.469999999999999751e+00 7.582669310613586733e-01
4.480000000000000426e+00 7.583135700674562552e-01
4.490000000000000213e+00 7.583566029037721590e-01
4.500000000000000000e+00 7.583957867253735552e-01
4.509999999999999787e+00 7.584308960178561820e-01
4.520000000000000462e+00 7.584617235209580866e-01
4.530000000000000249e+00 7.584880810906003967e-01
4.540000000000000036e+00 7.585098004953471085e-01
4.549999999999999822e+00 7.585267341434454025e-01
4.560000000000000497e+00 7.585387557367931910e-01
4.570000000000000284e+00 7.585457608483763270e-01
4.580000000000000071e+00 7.585476674199541636e-01
4.589999999999999858e+00 7.585444161770021898e-01
4.600000000000000533e+00 7.585359709581899201e-01
4.610000000000000320e+00 7.585223189569363367e-01
4.620000000000000107e+00 7.585034708728968234e-01
4.629999999999999893e+00 7.584794609715261871e-01
4.639999999999999680e+00 7.584503470502066413e-01
4.650000000000000355e+00 7.584162103097541463e-01
4.660000000000000142e+00 7.583771551304796521e-01
4.669999999999999929e+00 7.583333087523466132e-01
4.679999999999999716e+00 7.582848208591386197e-01
4.690000000000000391e+00 7.582318630669483417e-01
4.700000000000000178e+00 7.581746283176816759e-01
4.709999999999999964e+00 7.581133301786883161e-01
4.719999999999999751e+00 7.580482020500288742e-01
4.730000000000000426e+00 7.579794962813092285e-01
4.740000000000000213e+00 7.579074832004190077e-01
4.750000000000000000e+00 7.578324500569404432e-01
4.759999999999999787e+00 7.577546998833931680e-01
4.770000000000000462e+00 7.576745502779077546e-01
4.780000000000000249e+00 7.575923321123138043e-01
4.790000000000000036e+00 7.575083881700377386e-01
4.799999999999999822e+00 7.574230717185852502e-01
4.810000000000000497e+00 7.573367450217823871e-01
4.820000000000000284e+00 7.572497777972811983e-01
4.830000000000000071e+00 7.571625456252216724e-01
4.839999999999999858e+00 7.570754283142522301e-01
4.850000000000000533e+00 7.569888082314285560e-01
4.860000000000000320e+00 7.569030686028007660e-01
4.870000000000000107e+00 7.568185917917752414e-01
4.879999999999999893e+00 7.567357575625633936e-01
4.889999999999999680e+00 7.566549413362470000e-01
4.900000000000000355e+00 7.565765124471927061e-01
4.910000000000000142e+00 7.565008324076635260e-01
4.919999999999999929e+00 7.564282531886308281e-01
4.929999999999999716e+00 7.563591155248493569e-01
4.940000000000000391e+00 7.562937472523211246e-01
4.950000000000000178e+00 7.562324616862688975e-01
4.959999999999999964e+00 7.561755560477321225e-01
4.969999999999999751e+00 7.561233099468047669e-01
4.980000000000000426e+00 7.560759839304497243e-01
4.990000000000000213e+00 7.560338181026582394e-01
5.000000000000000000e+00 7.559970308245347326e-01
5.009999999999999787e+00 7.559658175016512605e-01
5.020000000000000462e+00 7.559403494657569444e-01
5.030000000000000249e+00 7.559207729575742052e-01
5.040000000000000036e+00 7.559072082170907869e-01
5.049999999999999822e+00 7.558997486873365590e-01
5.060000000000000497e+00 7.558984603371924349e-01
5.070000000000000284e+00 7.559033811083147869e-01
5.080000000000000071e+00 7.559145204907286031e-01
5.089999999999999858e+00 7.559318592310902973e-01
5.100000000000000533e+00 7.559553491770507616e-01
5.110000000000000320e+00 7.559849132605181987e-01
5.120000000000000107e+00 7.560204456219687952e-01
5.129999999999999893e+00 7.560618118773084761e-01
5.139999999999999680e+00 7.561088495280519073e-01
5.150000000000000355e+00 7.561613685149102260e-01
5.160000000000000142e+00 7.562191519141104878e-01
5.169999999999999929e+00 7.562819567750466154e-01
5.179999999999999716e+00 7.563495150970815928e-01
5.190000000000000391e+00 7.564215349425928991e-01
5.200000000000000178e+00 7.564977016825416012e-01
5.209999999999999964e+00 7.565776793701266545e-01
5.219999999999999751e+00 7.566611122372933762e-01
5.230000000000000426e+00 7.567476263081662768e-01
5.240000000000000213e+00 7.568368311226747469e-01
5.250000000000000000e+00 7.569283215630263628e-01
5.259999999999999787e+00 7.570216797749115267e-01
5.270000000000000462e+00 7.571164771747149747e-01
5.280000000000000249e+00 7.572122765333907379e-01
5.290000000000000036e+00 7.573086341270377497e-01
5.299999999999999822e+00 7.574051019437267884e-01
5.310000000000000497e+00 7.575012299355803336e-01
5.320000000000000284e+00 7.575965683047047872e-01
5.330000000000000071e+00 7.576906698111776084e-01
5.339999999999999858e+00 7.577830920909393031e-01
5.350000000000000533e+00 7.578733999712177205e-01
5.360000000000000320e+00 7.579611677708588680e-01
5.370000000000000107e+00 7.580459815728404216e-01
5.379999999999999893e+00 7.581274414561703923e-01
5.389999999999999680e+00 7.582051636743719625e-01
5.400000000000000355e+00 7.582787827678399983e-01
5.410000000000000142e+00 7.583479535975319319e-01
5.419999999999999929e+00 7.584123532876529961e-01
5.429999999999999716e+00 7.584716830653444042e-01
5.440000000000000391e+00 7.585256699857376717e-01
5.450000000000000178e+00 7.585740685312315490e-01
5.459999999999999964e+00 7.586166620743535205e-01
5.469999999999999751e+00 7.586532641942129729e-01
5.480000000000000426e+00 7.586837198372211599e-01
5.490000000000000213e+00 7.587079063134934964e-01
5.500000000000000000e+00 7.587257341212033657e-01
5.509999999999999787e+00 7.587371475919997277e-01
5.520000000000000462e+00 7.587421253515742592e-01
5.530000000000000249e+00 7.587406805904419738e-01
5.540000000000000036e+00 7.587328611410433243e-01
5.549999999999999822e+00 7.587187493583650300e-01
5.560000000000000497e+00 7.586984618024201765e-01
5.570000000000000284e+00 7.586721487220550175e-01
5.580000000000000071e+00 7.586399933407593776e-01
5.589999999999999858e+00 7.586022109463530505e-01
5.600000000000000533e+00 7.585590477876194004e-01
5.610000000000000320e+00 7.585107797821960540e-01
5.620000000000000107e+00 7.584577110412383805e-01
5.629999999999999893e+00 7.584001722175518490e-01
5.639999999999999680e+00 7.583385186851097082e-01
5.650000000000000355e+00 7.582731285589919823e-01
5.660000000000000142e+00 7.582044005659153152e-01
5.669999999999999929e+00 7.581327517766038859e-01
5.679999999999999716e+00 7.580586152122483767e-01
5.690000000000000391e+00 7.579824373383055036e-01
5.700000000000000178e+00 7.579046754597414948e-01
5.709999999999999964e+00 7.578257950326798831e-01
5.719999999999999751e+00 7.577462669081431734e-01
5.730000000000000426e+00 7.576665645242275371e-01
5.740000000000000213e+00 7.575871610636149001e-01
5.750000000000000000e+00 7.575085265937965273e-01
5.759999999999999787e+00 7.574311252077192691e-01
5.770000000000000462e+00 7.573554121828243169e-01
5.780000000000000249e+00 7.572818311765940891e-01
5.790000000000000036e+00 7.572108114767134301e-01
5.799999999999999822e+00 7.571427653238761435e-01
5.810000000000000497e+00 7.570780853250356213e-01
5.820000000000000284e+00 7.570171419745546082e-01
5.830000000000000071e+00 7.569602813002552777e-01
5.839999999999999858e+00 7.569078226507709450e-01
5.850000000000000533e+00 7.568600566399106278e-01
5.860000000000000320e+00 7.568172432629196589e-01
5.870000000000000107e+00 7.567796101985859725e-01
5.879999999999999893e+00 7.567473513100975158e-01
5.889999999999999680e+00 7.567206253564024987e-01
5.900000000000000355e+00 7.566995549245892905e-01
5.910000000000000142e+00 7.566842255924433047e-01
5.919999999999999929e+00 7.566746853289337826e-01
5.929999999999999716e+00 7.566709441388598245e-01
5.940000000000000391e+00 7.566729739563394785e-01
5.950000000000000178e+00 7.566807087901817885e-01
5.959999999999999964e+00 7.566940451225057096e-01
5.969999999999999751e+00 7.567128425602765995e-01
5.980000000000000426e+00 7.567369247376708463e-01
5.990000000000000213e+00 7.567660804654418039e-01
6.000000000000000000e+00 7.568000651217047237e-01
6.009999999999999787e+00 7.568386022768129884e-01
6.020000000000000462e+00 7.568813855432846571e-01
6.030000000000000249e+00 7.569280806400453532e-01
6.040000000000000036e+00 7.569783276586362630e-01
6.049999999999999822e+00 7.570317435174446219e-01
6.060000000000000497e+00 7.570879245885356879e-01
6.070000000000000284e+00 7.571464494802262468e-01
6.080000000000000071e+00 7.572068819572643772e-01
6.089999999999999858e+00 7.572687739792359762e-01
6.100000000000000533e+00 7.573316688367615068e-01
6.110000000000000320e+00 7.573951043640864134e-01
6.120000000000000107e+00 7.574586162058524197e-01
6.129999999999999893e+00 7.575217411151792257e-01
6.140000000000000568e+00 7.575840202596805240e-01
6.150000000000000355e+00 7.576450025116797660e-01
6.160000000000000142e+00 7.577042476987450037e-01
6.169999999999999929e+00 7.577613297906333756e-01
6.179999999999999716e+00 7.578158399989307625e-01
6.190000000000000391e+00 7.578673897660171965e-01
6.200000000000000178e+00 7.579156136205291716e-01
6.209999999999999964e+00 7.579601718771999952e-01
6.219999999999999751e+00 7.580007531598534909e-01
6.230000000000000426e+00 7.580370767273849619e-01
6.240000000000000213e+00 7.580688945838046644e-01
6.250000000000000000e+00 7.580959933547950502e-01
6.259999999999999787e+00 7.581181959148131089e-01
6.270000000000000462e+00 7.581353627504314741e-01
6.280000000000000249e+00 7.581473930474582623e-01
6.290000000000000036e+00 7.581542254913354872e-01
6.299999999999999822e+00 7.581558387723571490e-01
6.310000000000000497e+00 7.581522517894324631e-01
6.320000000000000284e+00 7.581435235483489077e-01
6.330000000000000071e+00 7.581297527527890434e-01
6.339999999999999858e+00 7.581110770887318218e-01
6.350000000000000533e+00 7.580876722052395378e-01
6.360000000000000320e+00 7.580597503970246676e-01
6.370000000000000107e+00 7.580275589965947969e-01
6.379999999999999893e+00 7.579913784861433967e-01
6.390000000000000568e+00 7.579515203416465896e-01
6.400000000000000355e+00 7.579083246239196603e-01
6.410000000000000142e+00 7.578621573335270201e-01
6.419999999999999929e+00 7.578134075485292165e-01
6.429999999999999716e+00 7.577624843659858112e-01
6.440000000000000391e+00 7.577098136699434994e-01
6.450000000000000178e+00 7.576558347502921897e-01
6.459999999999999964e+00 7.576009967983511340e-01
6.469999999999999751e+00 7.575457553063226213e-01
6.480000000000000426e+00 7.574905683988542027e-01
6.490000000000000213e+00 7.574358931258183825e-01
6.500000000000000000e+00 7.573821817460498762e-01
6.509999999999999787e+00 7.573298780322097468e-01
6.520000000000000462e+00 7.572794136271115972e-01
6.530000000000000249e+00 7.572312044817411936e-01
6.540000000000000036e+00 7.571856474048964669e-01
6.549999999999999822e+00 7.571431167537735485e-01
6.560000000000000497e+00 7.571039612939761687e-01
6.570000000000000284e+00 7.570685012563518335e-01
6.580000000000000071e+00 7.570370256167077150e-01
6.589999999999999858e+00 7.570097896228756840e-01
6.600000000000000533e+00 7.569870125918194415e-01
6.610000000000000320e+00 7.569688759974132486e-01
6.620000000000000107e+00 7.569555218673214014e-01
6.629999999999999893e+00 7.569470515049868675e-01
6.640000000000000568e+00 7.569435245501237031e-01
6.650000000000000355e+00 7.569449583884122479e-01
6.660000000000000142e+00 7.569513279181808718e-01
6.669999999999999929e+00 7.569625656789024104e-01
6.679999999999999716e+00 7.569785623432730981e-01
6.690000000000000391e+00 7.569991675715105339e-01
6.700000000000000178e+00 7.570241912233574011e-01
6.709999999999999964e+00 7.570534049201269600e-01
6.719999999999999751e+00 7.570865439459877333e-01
6.730000000000000426e+00 7.571233094746033787e-01
6.740000000000000213e+00 7.571633711042383696e-01
6.750000000000000000e+00 7.572063696815540812e-01
6.759999999999999787e+00 7.572519203915495378e-01
6.770000000000000462e+00 7.572996160885098194e-01
6.780000000000000249e+00 7.573490308404193794e-01
6.790000000000000036e+00 7.573997236570867431e-01
6.799999999999999822e+00 7.574512423702944863e-01
6.810000000000000497e+00 7.575031276325618901e-01
6.820000000000000284e+00 7.575549169996949050e-01
6.830000000000000071e+00 7.576061490611771809e-01
6.839999999999999858e+00 7.576563675816263554e-01
6.850000000000000533e+00 7.577051256160628467e-01
6.860000000000000320e+00 7.577519895615508760e-01
6.870000000000000107e+00 7.577965431079950465e-01
6.879999999999999893e+00 7.578383910513438737e-01
6.890000000000000568e+00 7.578771629333723725e-01
6.900000000000000355e+00 7.579125164733943043e-01
6.910000000000000142e+00 7.579441407588112245e-01
6.919999999999999929e+00 7.579717591632829654e-01
6.929999999999999716e+00 7.579951319634943285e-01
6.940000000000000391e+00 7.580140586279761061e-01
6.950000000000000178e+00 7.580283797542265445e-01
6.959999999999999964e+00 7.580379786333897307e-01
6.969999999999999751e+00 7.580427824250349778e-01
6.980000000000000426e+00 7.580427629280491741e-01
6.990000000000000213e+00 7.580379369373012599e-01
7.000000000000000000e+00 7.580283661795563788e-01
7.009999999999999787e+00 7.580141568260121421e-01
7.020000000000000462e+00 7.579954585828403424e-01
7.030000000000000249e+00 7.579724633651300225e-01
7.040000000000000036e+00 7.579454035636719045e-01
7.049999999999999822e+00 7.579145499180235390e-01
7.060000000000000497e+00 7.578802090132005231e-01
7.070000000000000284e+00 7.578427204211598545e-01
7.080000000000000071e+00 7.578024535118749183e-01
7.089999999999999858e+00 7.577598039622712722e-01
7.100000000000000533e+00 7.577151899945160363e-01
7.110000000000000320e+00 7.576690483781145513e-01
7.120000000000000107e+00 7.576218302329341681e-01
7.129999999999999893e+00 7.575739966726067198e-01
7.140000000000000568e+00 7.575260143297479765e-01
7.150000000000000355e+00 7.574783508060171089e-01
7.160000000000000142e+00 7.574314700912284648e-01
7.169999999999999929e+00 7.573858279965105522e-01
7.179999999999999716e+00 7.573418676468028909e-01
7.190000000000000391e+00 7.573000150779023443e-01
7.200000000000000178e+00 7.572606749826551464e-01
7.209999999999999964e+00 7.572242266498983021e-01
7.219999999999999751e+00 7.571910201382386907e-01
7.230000000000000426e+00 7.571613727248616144e-01
7.240000000000000213e+00 7.571355656671695522e-01
7.250000000000000000e+00 7.571138413123063016e-01
7.259999999999999787e+00 7.570964005864361246e-01
7.270000000000000462e+00 7.570834008921086822e-01
7.280000000000000249e+00 7.570749544381845109e-01
7.290000000000000036e+00 7.570711270226072598e-01
7.299999999999999822e+00 7.570719372838661254e-01
7.310000000000000497e+00 7.570773564323457494e-01
7.320000000000000284e+00 7.570873084679053955e-01
7.330000000000000071e+00 7.571016708850635268e-01
7.339999999999999858e+00 7.571202758621298212e-01
7.350000000000000533e+00 7.571429119255135287e-01
7.360000000000000320e+00 7.571693260754315258e-01
7.370000000000000107e+00 7.571992263542102197e-01
7.379999999999999893e+00 7.572322848335882872e-01
7.390000000000000568e+00 7.572681409927159990e-01
7.400000000000000355e+00 7.573064054541710499e-01
7.410000000000000142e+00 7.573466640411498085e-01
7.419999999999999929e+00 7.573884821152243596e-01
7.429999999999999716e+00 7.574314091506253455e-01
7.440000000000000391e+00 7.574749834980489815e-01
7.450000000000000178e+00 7.575187372884581993e-01
7.459999999999999964e+00 7.575622014253438063e-01
7.469999999999999751e+00 7.576049106124173038e-01
7.480000000000000426e+00 7.576464083627927337e-01
7.490000000000000213e+00 7.576862519353522174e-01
7.500000000000000000e+00 7.577240171442269911e-01
7.509999999999999787e+00 7.577593029881593001e-01
7.520000000000000462e+00 7.577917360479267117e-01
7.530000000000000249e+00 7.578209746020406756e-01
7.540000000000000036e+00 7.578467124134973254e-01
7.549999999999999822e+00 7.578686821435286491e-01
7.560000000000000497e+00 7.578866583519605626e-01
7.570000000000000284e+00 7.579004600479771758e-01
7.580000000000000071e+00 7.579099527597051855e-01
7.589999999999999858e+00 7.579150500960939452e-01
7.600000000000000533e+00 7.579157147799763239e-01
7.610000000000000320e+00 7.579119591369161135e-01
7.620000000000000107e+00 7.579038450304083074e-01
7.629999999999999893e+00 7.578914832401660862e-01
7.640000000000000568e+00 7.578750322864938882e-01
7.650000000000000355e+00 7.578546967100509013e-01
7.660000000000000142e+00 7.578307248226305859e-01
7.669999999999999929e+00 7.578034059507465781e-01
7.679999999999999716e+00 7.577730671998630374e-01
7.690000000000000391e+00 7.577400697728835510e-01
7.700000000000000178e+00 7.577048048819716719e-01
7.709999999999999964e+00 7.576676892978775335e-01
7.719999999999999751e+00 7.576291605855703937e-01
7.730000000000000426e+00 7.575896720791026606e-01
7.740000000000000213e+00 7.575496876522078704e-01
7.750000000000000000e+00 7.575096763440638536e-01
7.759999999999999787e+00 7.574701069019362798e-01
7.770000000000000462e+00 7.574314423040119371e-01
7.780000000000000249e+00 7.573941343265830906e-01
7.790000000000000036e+00 7.573586182198422945e-01
7.799999999999999822e+00 7.573253075558996628e-01
7.810000000000000497e+00 7.572945893112129623e-01
7.820000000000000284e+00 7.572668192434190981e-01
7.830000000000000071e+00 7.572423176196563244e-01
7.839999999999999858e+00 7.572213653497730235e-01
7.850000000000000533e+00 7.572042005735039050e-01
7.860000000000000320e+00 7.571910157457064638e-01
7.870000000000000107e+00 7.571819552581385837e-01
7.879999999999999893e+00 7.571771136301594929e-01
7.890000000000000568e+00 7.571765342941410015e-01
7.900000000000000355e+00 7.571802089943667768e-01
7.910000000000000142e+00 7.571880778109296717e-01
7.919999999999999929e+00 7.572000298125654005e-01
7.930000000000000604e+00 7.572159043347113094e-01
7.940000000000000391e+00 7.572354928713559419e-01
7.950000000000000178e+00 7.572585415615489257e-01
7.959999999999999964e+00 7.572847542439520296e-01
7.969999999999999751e+00 7.573137960454793260e-01
7.980000000000000426e+00 7.573452974631694756e-01
7.990000000000000213e+00 7.573788588918674014e-01
8.000000000000000000e+00 7.574140555443220624e-01
8.009999999999999787e+00 7.574504427048757149e-01
8.019999999999999574e+00 7.574875612532091518e-01
8.029999999999999361e+00 7.575249433906150465e-01
8.040000000000000924e+00 7.575621184981027323e-01
8.050000000000000711e+00 7.575986190533268161e-01
8.060000000000000497e+00 7.576339865319211553e-01
8.070000000000000284e+00 7.576677772183390003e-01
8.080000000000000071e+00 7.576995678517840505e-01
8.089999999999999858e+00 7.577289610342458070e-01
8.099999999999999645e+00 7.577555903300456919e-01
8.109999999999999432e+00 7.577791249896252967e-01
8.120000000000000995e+00 7.577992742345521782e-01
8.130000000000000782e+00 7.578157910457997692e-01
8.140000000000000568e+00 7.578284754032824644e-01
8.150000000000000355e+00 7.578371769312819417e-01
8.160000000000000142e+00 7.578417969116861830e-01
8.169999999999999929e+00 7.578422896349276128e-01
8.179999999999999716e+00 7.578386630668089152e-01
8.189999999999999503e+00 7.578309788182419071e-01
8.199999999999999289e+00 7.578193514139083264e-01
8.210000000000000853e+00 7.578039468650556998e-01
8.220000000000000639e+00 7.577849805608624090e-01
8.230000000000000426e+00 7.577627145019210086e-01
8.240000000000000213e+00 7.577374539083310268e-01
8.250000000000000000e+00 7.577095432434329814e-01
8.259999999999999787e+00 7.576793617024013550e-01
8.269999999999999574e+00 7.576473182224225944e-01
8.279999999999999361e+00 7.576138460780929007e-01
8.290000000000000924e+00 7.575793971317692499e-01
8.300000000000000711e+00 7.575444358138277989e-01
8.310000000000000497e+00 7.575094329120642955e-01
8.320000000000000284e+00 7.574748592527189572e-01
8.330000000000000071e+00 7.574411793577611185e-01
8.339999999999999858e+00 7.574088451641187714e-01
8.349999999999999645e+00 7.573782898904135585e-01
8.359999999999999432e+00 7.573499221354630384e-01
8.370000000000000995e+00 7.573241202903665537e-01
8.380000000000000782e+00 7.573012273423855856e-01
8.390000000000000568e+00 7.572815461440959295e-01
8.400000000000000355e+00 7.572653352155204187e-01
8.410000000000000142e+00 7.572528051401661298e-01
8.419999999999999929e+00 7.572441156081997082e-01
8.429999999999999716e+00 7.572393731514579507e-01
8.439999999999999503e+00 7.572386296058064570e-01
8.449999999999999289e+00 7.572418813264846227e-01
8.460000000000000853e+00 7.572490691718420930e-01
8.470000000000000639e+00 7.572600792602282027e-01
8.480000000000000426e+00 7.572747444940398642e-01
8.490000000000000213e+00 7.572928468340880404e-01
8.500000000000000000e+00 7.573141202967810237e-01
8.509999999999999787e+00 7.573382546361767664e-01
8.519999999999999574e+00 7.573648996629953611e-01
8.529999999999999361e+00 7.573936701432472107e-01
8.540000000000000924e+00 7.574241512104429308e-01
8.550000000000000711e+00 7.574559042175061929e-01
8.560000000000000497e+00 7.574884729476245582e-01
8.570000000000000284e+00 7.575213900974968606e-01
8.580000000000000071e+00 7.575541839418087342e-01
8.589999999999999858e+00 7.575863850844335445e-01
8.599999999999999645e+00 7.576175331998356022e-01
8.609999999999999432e+00 7.576471836674913973e-01
8.620000000000000995e+00 7.576749140029149787e-01
8.630000000000000782e+00 7.577003299910268774e-01
8.640000000000000568e+00 7.577230714311546933e-01
8.650000000000000355e+00 7.577428174078844059e-01
8.660000000000000142e+00 7.577592910081779598e-01
8.669999999999999929e+00 7.577722634126454748e-01
8.679999999999999716e+00 7.577815572974243574e-01
8.689999999999999503e+00 7.577870494927484435e-01
8.700000000000001066e+00 7.577886728547843509e-01
8.710000000000000853e+00 7.577864173185755448e-01
8.720000000000000639e+00 7.577803301117798096e-01
8.730000000000000426e+00 7.577705151211834300e-01
8.740000000000000213e+00 7.577571314164659455e-01
8.750000000000000000e+00 7.577403909483174660e-01
8.759999999999999787e+00 7.577205554504545804e-01
8.769999999999999574e+00 7.576979325872230664e-01
8.779999999999999361e+00 7.576728714001659259e-01
8.790000000000000924e+00 7.576457571178595307e-01
8.800000000000000711e+00 7.576170054034773171e-01
8.810000000000000497e+00 7.575870561236065504e-01
8.820000000000000284e+00 7.575563667297903203e-01
8.830000000000000071e+00 7.575254053508504448e-01
8.839999999999999858e+00 7.574946436992872068e-01
8.849999999999999645e+00 7.574645498986600778e-01
8.859999999999999432e+00 7.574355813409834326e-01
8.870000000000000995e+00 7.574081776835536184e-01
8.880000000000000782e+00 7.573827540933756319e-01
8.890000000000000568e+00 7.573596948444322186e-01
8.900000000000000355e+00 7.573393473684304489e-01
8.910000000000000142e+00 7.573220168534806618e-01
8.919999999999999929e+00 7.573079614774114177e-01
8.929999999999999716e+00 7.572973883532951866e-01
8.939999999999999503e+00 7.572904502542817662e-01
8.950000000000001066e+00 7.572872431732247112e-01
8.960000000000000853e+00 7.572878047599908014e-01
8.970000000000000639e+00 7.572921136659107599e-01
8.980000000000000426e+00 7.573000898108517287e-01
8.990000000000000213e+00 7.573115955739669891e-01
9.000000000000000000e+00 7.573264378946203967e-01
9.009999999999999787e+00 7.573443712554994711e-01
9.019999999999999574e+00 7.573651015056992453e-01
9.029999999999999361e+00 7.573882904679060113e-01
9.040000000000000924e+00 7.574135612608627888e-01
9.050000000000000711e+00 7.574405042563480128e-01
9.060000000000000497e+00 7.574686835791101247e-01
9.070000000000000284e+00 7.574976440487596330e-01
9.080000000000000071e+00 7.575269184547378520e-01
9.089999999999999858e+00 7.575560350492439587e-01
9.099999999999999645e+00 7.575845251385685541e-01
9.109999999999999432e+00 7.576119306507769213e-01
9.120000000000000995e+00 7.576378115570614469e-01
9.130000000000000782e+00 7.576617530255389532e-01
9.140000000000000568e+00 7.576833721896418794e-01
9.150000000000000355e+00 7.577023244186258388e-01
9.160000000000000142e+00 7.577183089849880426e-01
9.169999999999999929e+00 7.577310740326328453e-01
9.179999999999999716e+00 7.577404207603855024e-01
9.189999999999999503e+00 7.577462067476695706e-01
9.200000000000001066e+00 7.577483483627903693e-01
9.210000000000000853e+00 7.577468222089462913e-01
9.220000000000000639e+00 7.577416655787000410e-01
9.230000000000000426e+00 7.577329759038857748e-01
9.240000000000000213e+00 7.577209092045480432e-01
9.250000000000000000e+00 7.577056775572399427e-01
9.259999999999999787e+00 7.576875456195507619e-01
9.269999999999999574e+00 7.576668262638486251e-01
9.279999999999999361e+00 7.576438753885730293e-01
9.290000000000000924e+00 7.576190859897832253e-01
9.300000000000000711e+00 7.575928815887952306e-01
9.310000000000000497e+00 7.575657091233249929e-01
9.320000000000000284e+00 7.575380314194954945e-01
9.330000000000000071e+00 7.575103193700546411e-01
9.339999999999999858e+00 7.574830439501156754e-01
9.349999999999999645e+00 7.574566682054956201e-01
9.359999999999999432e+00 7.574316393502178446e-01
9.370000000000000995e+00 7.574083811089133977e-01
9.380000000000000782e+00 7.573872864366889557e-01
9.390000000000000568e+00 7.573687107435280730e-01
9.400000000000000355e+00 7.573529657425521755e-01
9.410000000000000142e+00 7.573403140316280480e-01
9.419999999999999929e+00 7.573309645058864392e-01
9.429999999999999716e+00 7.573250686850943048e-01
9.439999999999999503e+00 7.573227180245171164e-01
9.450000000000001066e+00 7.573239422613071703e-01
9.460000000000000853e+00 7.573287088307756321e-01
9.470000000000000639e+00 7.573369233684380530e-01
9.480000000000000426e+00 7.573484312948318697e-01
9.490000000000000213e+00 7.573630204610474204e-01
9.500000000000000000e+00 7.573804248140915130e-01
9.509999999999999787e+00 7.574003290229186502e-01
9.519999999999999574e+00 7.574223739885342921e-01
9.529999999999999361e+00 7.574461631453640598e-01
9.540000000000000924e+00 7.574712694463515694e-01
9.550000000000000711e+00 7.574972429112853956e-01
9.560000000000000497e+00 7.575236186069440603e-01
9.570000000000000284e+00 7.575499249189531215e-01
9.580000000000000071e+00 7.575756919690146418e-01
9.589999999999999858e+00 7.576004600274706124e-01
9.599999999999999645e+00 7.576237877701583745e-01
9.609999999999999432e+00 7.576452602302071737e-01
9.620000000000000995e+00 7.576644962998316801e-01
9.630000000000000782e+00 7.576811556442669682e-01
9.640000000000000568e+00 7.576949448996205261e-01
9.650000000000000355e+00 7.577056230384958679e-01
9.660000000000000142e+00 7.577130058015254521e-01
9.669999999999999929e+00 7.577169691092476844e-01
9.679999999999999716e+00 7.577174513867654948e-01
9.689999999999999503e+00 7.577144547530352270e-01
9.700000000000001066e+00 7.577080450471107564e-01
9.710000000000000853e+00 7.576983506848613548e-01
9.720000000000000639e+00 7.576855603611422074e-01
9.730000000000000426e+00 7.576699196338677611e-01
9.740000000000000213e+00 7.576517264473237034e-01
9.750000000000000000e+00 7.576313256721726175e-01
9.759999999999999787e+00 7.576091027583983228e-01
9.769999999999999574e+00 7.575854766146556951e-01
9.779999999999999361e+00 7.575608918427151339e-01
9.790000000000000924e+00 7.575358104686897853e-01
9.800000000000000711e+00 7.575107033231380793e-01
9.810000000000000497e+00 7.574860412298664025e-01
9.820000000000000284e+00 7.574622861679329855e-01
9.830000000000000071e+00 7.574398825730952467e-01
9.839999999999999858e+00 7.574192489434659059e-01
9.849999999999999645e+00 7.574007699095719470e-01
9.859999999999999432e+00 7.573847889213645157e-01
9.870000000000000995e+00 7.573716016940753581e-01
9.880000000000000782e+00 7.573614505414179021e-01
9.890000000000000568e+00 7.573545197085784775e-01
9.900000000000000355e+00 7.573509317991913292e-01
9.910000000000000142e+00 7.573507453701691094e-01
9.919999999999999929e+00 7.573539537464000215e-01
9.929999999999999716e+00 7.573604850842479141e-01
9.939999999999999503e+00 7.573702036889194966e-01
9.950000000000001066e+00 7.573829125666055040e-01
9.960000000000000853e+00 7.573983571683066129e-01
9.970000000000000639e+00 7.574162302588223206e-01
9.980000000000000426e+00 7.574361778220852770e-01
9.990000000000000213e+00 7.574578058932366353e-01
