0.000000000000000000e+00 9.999999997839765786e-01
1.000000000000000021e-02 9.999992238296236957e-01
2.000000000000000042e-02 9.999968827919246683e-01
2.999999999999999889e-02 9.999929566808161141e-01
4.000000000000000083e-02 9.999874269394873894e-01
5.000000000000000278e-02 9.999802764519181153e-01
5.999999999999999778e-02 9.999714895480877885e-01
7.000000000000000666e-02 9.999610520068649144e-01
8.000000000000000167e-02 9.999489510566004213e-01
8.999999999999999667e-02 9.999351753734349035e-01
1.000000000000000056e-01 9.999197150773435627e-01
1.100000000000000006e-01 9.999025617259513776e-01
1.199999999999999956e-01 9.998837083061374864e-01
1.300000000000000044e-01 9.998631492234687501e-01
1.400000000000000133e-01 9.998408802894948044e-01
1.499999999999999944e-01 9.998168987069399050e-01
1.600000000000000033e-01 9.997912030528314231e-01
1.700000000000000122e-01 9.997637932596202814e-01
1.799999999999999933e-01 9.997346705943160883e-01
1.900000000000000022e-01 9.997038376357137990e-01
2.000000000000000111e-01 9.996712982497373279e-01
2.099999999999999922e-01 9.996370575629627275e-01
2.200000000000000011e-01 9.996011219343885479e-01
2.300000000000000100e-01 9.995634989254811309e-01
2.399999999999999911e-01 9.995241972685838805e-01
2.500000000000000000e-01 9.994832268337315861e-01
2.600000000000000089e-01 9.994405985939379677e-01
2.700000000000000178e-01 9.993963245890193914e-01
2.800000000000000266e-01 9.993504178880228128e-01
2.899999999999999800e-01 9.993028925503157911e-01
2.999999999999999889e-01 9.992537635854139566e-01
3.099999999999999978e-01 9.992030469116123248e-01
3.200000000000000067e-01 9.991507593134801857e-01
3.300000000000000155e-01 9.990969183983047230e-01
3.400000000000000244e-01 9.990415425515399850e-01
3.500000000000000333e-01 9.989846508913373668e-01
3.599999999999999867e-01 9.989262632222286609e-01
3.699999999999999956e-01 9.988663999880341704e-01
3.800000000000000044e-01 9.988050822240565063e-01
3.900000000000000133e-01 9.987423315086536579e-01
4.000000000000000222e-01 9.986781699142295299e-01
4.100000000000000311e-01 9.986126199577489704e-01
4.199999999999999845e-01 9.985457045508194796e-01
4.299999999999999933e-01 9.984774469494234195e-01
4.400000000000000022e-01 9.984078707033654521e-01
4.500000000000000111e-01 9.983369996055091455e-01
4.600000000000000200e-01 9.982648576408611474e-01
4.700000000000000289e-01 9.981914689355788628e-01
4.799999999999999822e-01 9.981168577059710278e-01
4.899999999999999911e-01 9.980410482075371403e-01
5.000000000000000000e-01 9.979640646841362317e-01
5.100000000000000089e-01 9.978859313173297219e-01
5.200000000000000178e-01 9.978066721759640822e-01
5.300000000000000266e-01 9.977263111660606976e-01
5.400000000000000355e-01 9.976448719810623311e-01
5.500000000000000444e-01 9.975623780524995876e-01
5.600000000000000533e-01 9.974788525011346607e-01
5.700000000000000622e-01 9.973943180886343240e-01
5.799999999999999600e-01 9.973087971698268994e-01
5.899999999999999689e-01 9.972223116455913861e-01
5.999999999999999778e-01 9.971348829164328187e-01
6.099999999999999867e-01 9.970465318367969232e-01
6.199999999999999956e-01 9.969572786701541567e-01
6.300000000000000044e-01 9.968671430449149717e-01
6.400000000000000133e-01 9.967761439112143851e-01
6.500000000000000222e-01 9.966842994985974924e-01
6.600000000000000311e-01 9.965916272746575544e-01
6.700000000000000400e-01 9.964981439046646239e-01
6.800000000000000488e-01 9.964038652122064743e-01
6.900000000000000577e-01 9.963088061408914564e-01
7.000000000000000666e-01 9.962129807171316020e-01
7.099999999999999645e-01 9.961164020140527153e-01
7.199999999999999734e-01 9.960190821165414432e-01
7.299999999999999822e-01 9.959210320874641864e-01
7.399999999999999911e-01 9.958222619350922677e-01
7.500000000000000000e-01 9.957227805817319144e-01
7.600000000000000089e-01 9.956225958336059056e-01
7.700000000000000178e-01 9.955217143519872192e-01
7.800000000000000266e-01 9.954201416256134305e-01
7.900000000000000355e-01 9.953178819443901926e-01
8.000000000000000444e-01 9.952149383743988942e-01
8.100000000000000533e-01 9.951113127342275932e-01
8.200000000000000622e-01 9.950070055726244478e-01
8.300000000000000711e-01 9.949020161474909640e-01
8.399999999999999689e-01 9.947963424062175042e-01
8.499999999999999778e-01 9.946899809673703796e-01
8.599999999999999867e-01 9.945829271037254227e-01
8.699999999999999956e-01 9.944751747266717956e-01
8.800000000000000044e-01 9.943667163719545066e-01
8.900000000000000133e-01 9.942575431867866076e-01
9.000000000000000222e-01 9.941476449183089814e-01
9.100000000000000311e-01 9.940370099034044893e-01
9.200000000000000400e-01 9.939256250598564879e-01
9.300000000000000488e-01 9.938134758788460532e-01
9.400000000000000577e-01 9.937005464187923520e-01
9.500000000000000666e-01 9.935868193005042981e-01
9.599999999999999645e-01 9.934722757036595908e-01
9.699999999999999734e-01 9.933568953645816046e-01
9.799999999999999822e-01 9.932406565753193473e-01
9.899999999999999911e-01 9.931235361839992892e-01
1.000000000000000000e+00 9.930055095964523959e-01
1.010000000000000009e+00 9.928865507790904932e-01
1.020000000000000018e+00 9.927666322630263052e-01
1.030000000000000027e+00 9.926457251494134049e-01
1.040000000000000036e+00 9.925237991159926443e-01
1.050000000000000044e+00 9.924008224248318522e-01
1.060000000000000053e+00 9.922767619312293785e-01
1.070000000000000062e+00 9.921515830937813751e-01
1.080000000000000071e+00 9.920252499855711781e-01
1.090000000000000080e+00 9.918977253064815702e-01
1.100000000000000089e+00 9.917689703965987258e-01
1.110000000000000098e+00 9.916389452506952917e-01
1.120000000000000107e+00 9.915076085337559686e-01
1.130000000000000115e+00 9.913749175975494765e-01
1.140000000000000124e+00 9.912408284982060502e-01
1.150000000000000133e+00 9.911052960147842539e-01
1.159999999999999920e+00 9.909682736688159022e-01
1.169999999999999929e+00 9.908297137447876768e-01
1.179999999999999938e+00 9.906895673115597711e-01
1.189999999999999947e+00 9.905477842446861469e-01
1.199999999999999956e+00 9.904043132496203050e-01
1.209999999999999964e+00 9.902591018857824778e-01
1.219999999999999973e+00 9.901120965914721461e-01
1.229999999999999982e+00 9.899632427096027865e-01
1.239999999999999991e+00 9.898124845142339812e-01
1.250000000000000000e+00 9.896597652378910093e-01
1.260000000000000009e+00 9.895050270996387232e-01
1.270000000000000018e+00 9.893482113339061579e-01
1.280000000000000027e+00 9.891892582200247919e-01
1.290000000000000036e+00 9.890281071124810142e-01
1.300000000000000044e+00 9.888646964718490473e-01
1.310000000000000053e+00 9.886989638963961102e-01
1.320000000000000062e+00 9.885308461543392822e-01
1.330000000000000071e+00 9.883602792167391904e-01
1.340000000000000080e+00 9.881871982910134244e-01
1.350000000000000089e+00 9.880115378550584637e-01
1.360000000000000098e+00 9.878332316919627987e-01
1.370000000000000107e+00 9.876522129252917059e-01
1.380000000000000115e+00 9.874684140549516709e-01
1.390000000000000124e+00 9.872817669935917140e-01
1.400000000000000133e+00 9.870922031035624933e-01
1.409999999999999920e+00 9.868996532343968786e-01
1.419999999999999929e+00 9.867040477608168825e-01
1.429999999999999938e+00 9.865053166212562896e-01
1.439999999999999947e+00 9.863033893568877719e-01
1.449999999999999956e+00 9.860981951511460508e-01
1.459999999999999964e+00 9.858896628697519926e-01
1.469999999999999973e+00 9.856777211012149875e-01
1.479999999999999982e+00 9.854622981978271579e-01
1.489999999999999991e+00 9.852433223171298549e-01
1.500000000000000000e+00 9.850207214638628805e-01
1.510000000000000009e+00 9.847944235323841111e-01
1.520000000000000018e+00 9.845643563495686257e-01
1.530000000000000027e+00 9.843304477181744616e-01
1.540000000000000036e+00 9.840926254606866541e-01
1.550000000000000044e+00 9.838508174636366732e-01
1.560000000000000053e+00 9.836049517223962591e-01
1.570000000000000062e+00 9.833549563864518728e-01
1.580000000000000071e+00 9.831007598051608731e-01
1.590000000000000080e+00 9.828422905739950810e-01
1.600000000000000089e+00 9.825794775812742854e-01
1.610000000000000098e+00 9.823122500553932435e-01
1.620000000000000107e+00 9.820405376125516117e-01
1.630000000000000115e+00 9.817642703049846986e-01
1.640000000000000124e+00 9.814833786697139129e-01
1.650000000000000133e+00 9.811977937778015857e-01
1.660000000000000142e+00 9.809074472841448067e-01
1.669999999999999929e+00 9.806122714777839589e-01
1.679999999999999938e+00 9.803121993327564843e-01
1.689999999999999947e+00 9.800071645594874425e-01
1.699999999999999956e+00 9.796971016567317392e-01
1.709999999999999964e+00 9.793819459640623615e-01
1.719999999999999973e+00 9.790616337149223858e-01
1.729999999999999982e+00 9.787361020902402009e-01
1.739999999999999991e+00 9.784052892726036177e-01
1.750000000000000000e+00 9.780691345010095183e-01
1.760000000000000009e+00 9.777275781261881571e-01
1.770000000000000018e+00 9.773805616664935636e-01
1.780000000000000027e+00 9.770280278643674876e-01
1.790000000000000036e+00 9.766699207433884311e-01
1.800000000000000044e+00 9.763061856658714621e-01
1.810000000000000053e+00 9.759367693910518948e-01
1.820000000000000062e+00 9.755616201338191962e-01
1.830000000000000071e+00 9.751806876240118882e-01
1.840000000000000080e+00 9.747939231662474668e-01
1.850000000000000089e+00 9.744012797003036574e-01
1.860000000000000098e+00 9.740027118619978275e-01
1.870000000000000107e+00 9.735981760445895361e-01
1.880000000000000115e+00 9.731876304606639216e-01
1.890000000000000124e+00 9.727710352044779407e-01
1.900000000000000133e+00 9.723483523147563590e-01
1.910000000000000142e+00 9.719195458379025210e-01
1.919999999999999929e+00 9.714845818915952558e-01
1.929999999999999938e+00 9.710434287287461608e-01
1.939999999999999947e+00 9.705960568017762968e-01
1.949999999999999956e+00 9.701424388271726595e-01
1.959999999999999964e+00 9.696825498502924523e-01
1.969999999999999973e+00 9.692163673103517674e-01
1.979999999999999982e+00 9.687438711055698093e-01
1.989999999999999991e+00 9.682650436584019360e-01
2.000000000000000000e+00 9.677798699808082272e-01
2.010000000000000231e+00 9.672883377394981830e-01
2.020000000000000018e+00 9.667904373210932656e-01
2.030000000000000249e+00 9.662861618971200217e-01
2.040000000000000036e+00 9.657755074887884872e-01
2.049999999999999822e+00 9.652584730314531791e-01
2.060000000000000053e+00 9.647350604386967232e-01
2.069999999999999840e+00 9.642052746659400819e-01
2.080000000000000071e+00 9.636691237734933413e-01
2.089999999999999858e+00 9.631266189889581275e-01
2.100000000000000089e+00 9.625777747688819552e-01
2.109999999999999876e+00 9.620226088595653646e-01
2.120000000000000107e+00 9.614611423569218163e-01
2.129999999999999893e+00 9.608933997652728820e-01
2.140000000000000124e+00 9.603194090549821427e-01
2.149999999999999911e+00 9.597392017188008939e-01
2.160000000000000142e+00 9.591528128268125286e-01
2.169999999999999929e+00 9.585602810798610207e-01
2.180000000000000160e+00 9.579616488613308389e-01
2.189999999999999947e+00 9.573569622871539453e-01
2.200000000000000178e+00 9.567462712539286374e-01
2.209999999999999964e+00 9.561296294849922495e-01
2.220000000000000195e+00 9.555070945743509014e-01
2.229999999999999982e+00 9.548787280283020928e-01
2.240000000000000213e+00 9.542445953046306828e-01
2.250000000000000000e+00 9.536047658492412538e-01
2.260000000000000231e+00 9.529593131300883035e-01
2.270000000000000018e+00 9.523083146682661537e-01
2.280000000000000249e+00 9.516518520661280123e-01
2.290000000000000036e+00 9.509900110322943023e-01
2.300000000000000266e+00 9.503228814034171412e-01
2.310000000000000053e+00 9.496505571625708519e-01
2.319999999999999840e+00 9.489731364541336145e-01
2.330000000000000071e+00 9.482907215950362456e-01
2.339999999999999858e+00 9.476034190822508751e-01
2.350000000000000089e+00 9.469113395963967283e-01
2.359999999999999876e+00 9.462145980013495494e-01
2.370000000000000107e+00 9.455133133397324308e-01
2.379999999999999893e+00 9.448076088241895709e-01
2.390000000000000124e+00 9.440976118243354920e-01
2.399999999999999911e+00 9.433834538492785748e-01
2.410000000000000142e+00 9.426652705256307607e-01
2.419999999999999929e+00 9.419432015709228168e-01
2.430000000000000160e+00 9.412173907623410107e-01
2.439999999999999947e+00 9.404879859007206910e-01
2.450000000000000178e+00 9.397551387697304914e-01
2.459999999999999964e+00 9.390190050902015306e-01
2.470000000000000195e+00 9.382797444695492040e-01
2.479999999999999982e+00 9.375375203462611440e-01
2.490000000000000213e+00 9.367924999294171551e-01
2.500000000000000000e+00 9.360448541332344607e-01
2.510000000000000231e+00 9.352947575066297148e-01
2.520000000000000018e+00 9.345423881577983316e-01
2.530000000000000249e+00 9.337879276738414447e-01
2.540000000000000036e+00 9.330315610354500411e-01
2.550000000000000266e+00 9.322734765266992296e-01
2.560000000000000053e+00 9.315138656399932771e-01
2.569999999999999840e+00 9.307529229762275813e-01
2.580000000000000071e+00 9.299908461402355275e-01
2.589999999999999858e+00 9.292278356316092669e-01
2.600000000000000089e+00 9.284640947309811265e-01
2.609999999999999876e+00 9.276998293818837782e-01
2.620000000000000107e+00 9.269352480682928608e-01
2.629999999999999893e+00 9.261705616879879477e-01
2.640000000000000124e+00 9.254059834218733016e-01
2.649999999999999911e+00 9.246417285994018576e-01
2.660000000000000142e+00 9.238780145602577543e-01
2.669999999999999929e+00 9.231150605124874842e-01
2.680000000000000160e+00 9.223530873872278768e-01
2.689999999999999947e+00 9.215923176902461877e-01
2.700000000000000178e+00 9.208329753504727044e-01
2.709999999999999964e+00 9.200752855657362561e-01
2.720000000000000195e+00 9.193194746459139033e-01
2.729999999999999982e+00 9.185657698537129656e-01
2.740000000000000213e+00 9.178143992433115406e-01
2.750000000000000000e+00 9.170655914970898825e-01
2.760000000000000231e+00 9.163195757606902303e-01
2.770000000000000018e+00 9.155765814766442245e-01
2.780000000000000249e+00 9.148368382168027280e-01
2.790000000000000036e+00 9.141005755138487121e-01
2.800000000000000266e+00 9.133680226921025991e-01
2.810000000000000053e+00 9.126394086979023879e-01
2.819999999999999840e+00 9.119149619297985954e-01
2.830000000000000071e+00 9.111949100688212511e-01
2.839999999999999858e+00 9.104794799090797364e-01
2.850000000000000089e+00 9.097688971889316134e-01
2.859999999999999876e+00 9.090633864229882288e-01
2.870000000000000107e+00 9.083631707351967899e-01
2.879999999999999893e+00 9.076684716932443830e-01
2.890000000000000124e+00 9.069795091445312929e-01
2.899999999999999911e+00 9.062965010539426602e-01
2.910000000000000142e+00 9.056196633436588428e-01
2.919999999999999929e+00 9.049492097352249687e-01
2.930000000000000160e+00 9.042853515940959541e-01
2.939999999999999947e+00 9.036282977768914648e-01
2.950000000000000178e+00 9.029782544815390111e-01
2.959999999999999964e+00 9.023354251005235582e-01
2.970000000000000195e+00 9.017000100774218430e-01
2.979999999999999982e+00 9.010722067669216795e-01
2.990000000000000213e+00 9.004522092984705850e-01
3.000000000000000000e+00 8.998402084437462367e-01
3.010000000000000231e+00 8.992363914880834308e-01
3.020000000000000018e+00 8.986409421060143066e-01
3.030000000000000249e+00 8.980540402410419620e-01
3.040000000000000036e+00 8.974758619897892364e-01
3.050000000000000266e+00 8.969065794906260214e-01
3.060000000000000053e+00 8.963463608168661390e-01
3.070000000000000284e+00 8.957953698746619065e-01
3.080000000000000071e+00 8.952537663056397976e-01
3.089999999999999858e+00 8.947217053943719023e-01
3.100000000000000089e+00 8.941993379807402498e-01
3.109999999999999876e+00 8.936868103772330763e-01
3.120000000000000107e+00 8.931842642912380947e-01
3.129999999999999893e+00 8.926918367523354325e-01
3.140000000000000124e+00 8.922096600446295378e-01
3.149999999999999911e+00 8.917378616441228312e-01
3.160000000000000142e+00 8.912765641611342105e-01
3.169999999999999929e+00 8.908258852877577461e-01
3.180000000000000160e+00 8.903859377503285932e-01
3.189999999999999947e+00 8.899568292669005620e-01
3.200000000000000178e+00 8.895386625096656230e-01
3.209999999999999964e+00 8.891315350722998057e-01
3.220000000000000195e+00 8.887355394421740939e-01
3.229999999999999982e+00 8.883507629773687020e-01
3.240000000000000213e+00 8.879772878884445442e-01
3.250000000000000000e+00 8.876151912248728681e-01
3.260000000000000231e+00 8.872645448660725354e-01
3.270000000000000018e+00 8.869254155169546960e-01
3.280000000000000249e+00 8.865978647078955888e-01
3.290000000000000036e+00 8.862819487990388767e-01
3.300000000000000266e+00 8.859777189888277116e-01
3.310000000000000053e+00 8.856852213266731555e-01
3.320000000000000284e+00 8.854044967296406110e-01
3.330000000000000071e+00 8.851355810030525628e-01
3.339999999999999858e+00 8.848785048648926121e-01
3.350000000000000089e+00 8.846332939738950074e-01
3.359999999999999876e+00 8.843999689611942161e-01
3.370000000000000107e+00 8.841785454654352838e-01
3.379999999999999893e+00 8.839690341711939903e-01
3.390000000000000124e+00 8.837714408506097685e-01
3.399999999999999911e+00 8.835857664080905005e-01
3.410000000000000142e+00 8.834120069279738363e-01
3.419999999999999929e+00 8.832501537250150303e-01
3.430000000000000160e+00 8.831001933975736184e-01
3.439999999999999947e+00 8.829621078833849168e-01
3.450000000000000178e+00 8.828358745177780076e-01
3.459999999999999964e+00 8.827214660942231950e-01
3.470000000000000195e+00 8.826188509270875837e-01
3.479999999999999982e+00 8.825279929164712156e-01
3.490000000000000213e+00 8.824488516150073014e-01
3.500000000000000000e+00 8.823813822965020925e-01
3.510000000000000231e+00 8.823255360263078106e-01
3.520000000000000018e+00 8.822812597332996276e-01
3.530000000000000249e+00 8.822484962833482269e-01
3.540000000000000036e+00 8.822271845541833635e-01
3.550000000000000266e+00 8.822172595115268523e-01
3.560000000000000053e+00 8.822186522863948444e-01
3.570000000000000284e+00 8.822312902534688028e-01
3.580000000000000071e+00 8.822550971104193840e-01
3.589999999999999858e+00 8.822899929581037304e-01
3.600000000000000089e+00 8.823358943815159394e-01
3.609999999999999876e+00 8.823927145314205411e-01
3.620000000000000107e+00 8.824603632065588510e-01
3.629999999999999893e+00 8.825387469363504822e-01
3.640000000000000124e+00 8.826277690639960927e-01
3.649999999999999911e+00 8.827273298299155302e-01
3.660000000000000142e+00 8.828373264554136846e-01
3.669999999999999929e+00 8.829576532265245303e-01
3.680000000000000160e+00 8.830882015779398797e-01
3.689999999999999947e+00 8.832288601769643366e-01
3.700000000000000178e+00 8.833795150074207347e-01
3.709999999999999964e+00 8.835400494534351168e-01
3.720000000000000195e+00 8.837103443830562899e-01
3.729999999999999982e+00 8.838902782316329088e-01
3.740000000000000213e+00 8.840797270848907985e-01
3.750000000000000000e+00 8.842785647616672184e-01
3.760000000000000231e+00 8.844866628962435584e-01
3.770000000000000018e+00 8.847038910202205120e-01
3.780000000000000249e+00 8.849301166438994226e-01
3.790000000000000036e+00 8.851652053371162898e-01
3.800000000000000266e+00 8.854090208094931302e-01
3.810000000000000053e+00 8.856614249900605085e-01
3.820000000000000284e+00 8.859222781062177088e-01
3.830000000000000071e+00 8.861914387619929112e-01
3.839999999999999858e+00 8.864687640155684001e-01
3.850000000000000089e+00 8.867541094560534853e-01
3.859999999999999876e+00 8.870473292794434084e-01
3.870000000000000107e+00 8.873482763637866588e-01
3.879999999999999893e+00 8.876568023434806554e-01
3.890000000000000124e+00 8.879727576827203261e-01
3.899999999999999911e+00 8.882959917480429679e-01
3.910000000000000142e+00 8.886263528799757117e-01
3.919999999999999929e+00 8.889636884637499570e-01
3.930000000000000160e+00 8.893078449990767798e-01
3.939999999999999947e+00 8.896586681689616638e-01
3.950000000000000178e+00 8.900160029075537826e-01
3.959999999999999964e+00 8.903796934670055174e-01
3.970000000000000195e+00 8.907495834833561998e-01
3.979999999999999982e+00 8.911255160413947829e-01
3.990000000000000213e+00 8.915073337385314156e-01
4.000000000000000000e+00 8.918948787476453921e-01
4.009999999999999787e+00 8.922879928789158033e-01
4.020000000000000462e+00 8.926865176406336699e-01
4.030000000000000249e+00 8.930902942989842330e-01
4.040000000000000036e+00 8.934991639368006222e-01
4.049999999999999822e+00 8.939129675112914564e-01
4.060000000000000497e+00 8.943315459107435972e-01
4.070000000000000284e+00 8.947547400101901749e-01
4.080000000000000071e+00 8.951823907260616497e-01
4.089999999999999858e+00 8.956143390698063644e-01
4.099999999999999645e+00 8.960504262005032361e-01
4.110000000000000320e+00 8.964904934764491573e-01
4.120000000000000107e+00 8.969343825057406461e-01
4.129999999999999893e+00 8.973819351958521873e-01
4.139999999999999680e+00 8.978329938022112655e-01
4.150000000000000355e+00 8.982874009757902956e-01
4.160000000000000142e+00 8.987449998097056802e-01
4.169999999999999929e+00 8.992056338848365415e-01
4.179999999999999716e+00 8.996691473144806661e-01
4.190000000000000391e+00 9.001353847880465553e-01
4.200000000000000178e+00 9.006041916137929038e-01
4.209999999999999964e+00 9.010754137606108438e-01
4.219999999999999751e+00 9.015488978988955848e-01
4.230000000000000426e+00 9.020244914404663694e-01
4.240000000000000213e+00 9.025020425775830413e-01
4.250000000000000000e+00 9.029814003210546725e-01
4.259999999999999787e+00 9.034624145374406945e-01
4.270000000000000462e+00 9.039449359853821697e-01
4.280000000000000249e+00 9.044288163510347811e-01
4.290000000000000036e+00 9.049139082826497260e-01
4.299999999999999822e+00 9.054000654242890800e-01
4.310000000000000497e+00 9.058871424486979462e-01
4.320000000000000284e+00 9.063749950893363883e-01
4.330000000000000071e+00 9.068634801715841354e-01
4.339999999999999858e+00 9.073524556431343813e-01
4.350000000000000533e+00 9.078417806035750104e-01
4.360000000000000320e+00 9.083313153331733503e-01
4.370000000000000107e+00 9.088209213208808812e-01
4.379999999999999893e+00 9.093104612915597906e-01
4.389999999999999680e+00 9.097997992324371452e-01
4.400000000000000355e+00 9.102888004188135485e-01
4.410000000000000142e+00 9.107773314390247288e-01
4.419999999999999929e+00 9.112652602186621653e-01
4.429999999999999716e+00 9.117524560440707360e-01
4.440000000000000391e+00 9.122387895851401529e-01
4.450000000000000178e+00 9.127241329173801931e-01
4.459999999999999964e+00 9.132083595433063694e-01
4.469999999999999751e+00 9.136913444131433693e-01
4.480000000000000426e+00 9.141729639448528122e-01
4.490000000000000213e+00 9.146530960434956503e-01
4.500000000000000000e+00 9.151316201199404254e-01
4.509999999999999787e+00 9.156084171089368118e-01
4.520000000000000462e+00 9.160833694865467836e-01
4.530000000000000249e+00 9.165563612869578325e-01
4.540000000000000036e+00 9.170272781186888933e-01
4.549999999999999822e+00 9.174960071801951944e-01
4.560000000000000497e+00 9.179624372748730332e-01
4.570000000000000284e+00 9.184264588255087736e-01
4.580000000000000071e+00 9.188879638881459755e-01
4.589999999999999858e+00 9.193468461653959700e-01
4.600000000000000533e+00 9.198030010192189687e-01
4.610000000000000320e+00 9.202563254831678252e-01
4.620000000000000107e+00 9.207067182741118794e-01
4.629999999999999893e+00 9.211540798034570932e-01
4.639999999999999680e+00 9.215983121878810191e-01
4.650000000000000355e+00 9.220393192595758292e-01
4.660000000000000142e+00 9.224770065760297122e-01
4.669999999999999929e+00 9.229112814293689571e-01
4.679999999999999716e+00 9.233420528552406248e-01
4.690000000000000391e+00 9.237692316412878801e-01
4.700000000000000178e+00 9.241927303352035494e-01
4.709999999999999964e+00 9.246124632524014286e-01
4.719999999999999751e+00 9.250283464832975699e-01
4.730000000000000426e+00 9.254402979002299690e-01
4.740000000000000213e+00 9.258482371640266440e-01
4.750000000000000000e+00 9.262520857302481980e-01
4.759999999999999787e+00 9.266517668550969811e-01
4.770000000000000462e+00 9.270472056010410355e-01
4.780000000000000249e+00 9.274383288421357285e-01
4.790000000000000036e+00 9.278250652690884781e-01
4.799999999999999822e+00 9.282073453940568042e-01
4.810000000000000497e+00 9.285851015552147869e-01
4.820000000000000284e+00 9.289582679210960370e-01
4.830000000000000071e+00 9.293267804947302757e-01
4.839999999999999858e+00 9.296905771175856259e-01
4.850000000000000533e+00 9.300495974733368199e-01
4.860000000000000320e+00 9.304037830914745344e-01
4.870000000000000107e+00 9.307530773507675104e-01
4.879999999999999893e+00 9.310974254825978846e-01
4.889999999999999680e+00 9.314367745741699567e-01
4.900000000000000355e+00 9.317710735716299153e-01
4.910000000000000142e+00 9.321002732830838688e-01
4.919999999999999929e+00 9.324243263815451543e-01
4.929999999999999716e+00 9.327431874078150331e-01
4.940000000000000391e+00 9.330568127733060990e-01
4.950000000000000178e+00 9.333651607628334901e-01
4.959999999999999964e+00 9.336681915373507001e-01
4.969999999999999751e+00 9.339658671366849463e-01
4.980000000000000426e+00 9.342581514822307920e-01
4.990000000000000213e+00 9.345450103796548724e-01
5.000000000000000000e+00 9.348264115215756398e-01
5.009999999999999787e+00 9.351023244902540998e-01
5.020000000000000462e+00 9.353727207602795524e-01
5.030000000000000249e+00 9.356375737012615490e-01
5.040000000000000036e+00 9.358968585805274021e-01
5.049999999999999822e+00 9.361505525658153637e-01
5.060000000000000497e+00 9.363986347279813494e-01
5.070000000000000284e+00 9.366410860436871211e-01
5.080000000000000071e+00 9.368778893980954647e-01
5.089999999999999858e+00 9.371090295875381670e-01
5.100000000000000533e+00 9.373344933221706698e-01
5.110000000000000320e+00 9.375542692285860902e-01
5.120000000000000107e+00 9.377683478523884952e-01
5.129999999999999893e+00 9.379767216607113323e-01
5.139999999999999680e+00 9.381793850446534799e-01
5.150000000000000355e+00 9.383763343216462438e-01
5.160000000000000142e+00 9.385675677376897896e-01
5.169999999999999929e+00 9.387530854694856597e-01
5.179999999999999716e+00 9.389328896264097502e-01
5.190000000000000391e+00 9.391069842523197542e-01
5.200000000000000178e+00 9.392753753271749773e-01
5.209999999999999964e+00 9.394380707684275578e-01
5.219999999999999751e+00 9.395950804321765437e-01
5.230000000000000426e+00 9.397464161140497430e-01
5.240000000000000213e+00 9.398920915497690487e-01
5.250000000000000000e+00 9.400321224154006838e-01
5.259999999999999787e+00 9.401665263272245276e-01
5.270000000000000462e+00 9.402953228412120890e-01
5.280000000000000249e+00 9.404185334520668293e-01
5.290000000000000036e+00 9.405361815918003021e-01
5.299999999999999822e+00 9.406482926277994761e-01
5.310000000000000497e+00 9.407548938603548239e-01
5.320000000000000284e+00 9.408560145196132041e-01
5.330000000000000071e+00 9.409516857619074637e-01
5.339999999999999858e+00 9.410419406654368935e-01
5.350000000000000533e+00 9.411268142252521285e-01
5.360000000000000320e+00 9.412063433475039709e-01
5.370000000000000107e+00 9.412805668429289341e-01
5.379999999999999893e+00 9.413495254195146655e-01
5.389999999999999680e+00 9.414132616743231541e-01
5.400000000000000355e+00 9.414718200844227614e-01
5.410000000000000142e+00 9.415252469968912186e-01
5.419999999999999929e+00 9.415735906178579473e-01
5.429999999999999716e+00 9.416169010005444040e-01
5.440000000000000391e+00 9.416552300322669211e-01
5.450000000000000178e+00 9.416886314203636310e-01
5.459999999999999964e+00 9.417171606770178283e-01
5.469999999999999751e+00 9.417408751029338054e-01
5.480000000000000426e+00 9.417598337698478428e-01
5.490000000000000213e+00 9.417740975018288330e-01
5.500000000000000000e+00 9.417837288553460029e-01
5.509999999999999787e+00 9.417887920980817507e-01
5.520000000000000462e+00 9.417893531864484080e-01
5.530000000000000249e+00 9.417854797417997137e-01
5.540000000000000036e+00 9.417772410253081317e-01
5.549999999999999822e+00 9.417647079114864761e-01
5.560000000000000497e+00 9.417479528603370786e-01
5.570000000000000284e+00 9.417270498881153973e-01
5.580000000000000071e+00 9.417020745366888601e-01
5.589999999999999858e+00 9.416731038414802857e-01
5.600000000000000533e+00 9.416402162979936596e-01
5.610000000000000320e+00 9.416034918269033938e-01
5.620000000000000107e+00 9.415630117377156161e-01
5.629999999999999893e+00 9.415188586909868373e-01
5.639999999999999680e+00 9.414711166591138713e-01
5.650000000000000355e+00 9.414198708856890141e-01
5.660000000000000142e+00 9.413652078434274761e-01
5.669999999999999929e+00 9.413072151906797247e-01
5.679999999999999716e+00 9.412459817265423911e-01
5.690000000000000391e+00 9.411815973445679662e-01
5.700000000000000178e+00 9.411141529851104748e-01
5.709999999999999964e+00 9.410437405863084637e-01
5.719999999999999751e+00 9.409704530337364980e-01
5.730000000000000426e+00 9.408943841087549220e-01
5.740000000000000213e+00 9.408156284355662091e-01
5.750000000000000000e+00 9.407342814270361897e-01
5.759999999999999787e+00 9.406504392292853733e-01
5.770000000000000462e+00 9.405641986651058772e-01
5.780000000000000249e+00 9.404756571762284967e-01
5.790000000000000036e+00 9.403849127644919870e-01
5.799999999999999822e+00 9.402920639319448659e-01
5.810000000000000497e+00 9.401972096199401330e-01
5.820000000000000284e+00 9.401004491472519931e-01
5.830000000000000071e+00 9.400018821472836406e-01
5.839999999999999858e+00 9.399016085044041846e-01
5.850000000000000533e+00 9.397997282894737792e-01
5.860000000000000320e+00 9.396963416946219061e-01
5.870000000000000107e+00 9.395915489673151155e-01
5.879999999999999893e+00 9.394854503438029303e-01
5.889999999999999680e+00 9.393781459819825486e-01
5.900000000000000355e+00 9.392697358937575070e-01
5.910000000000000142e+00 9.391603198769489236e-01
5.919999999999999929e+00 9.390499974468364819e-01
5.929999999999999716e+00 9.389388677673907724e-01
5.940000000000000391e+00 9.388270295822691569e-01
5.950000000000000178e+00 9.387145811456483191e-01
5.959999999999999964e+00 9.386016201529679970e-01
5.969999999999999751e+00 9.384882436716552867e-01
5.980000000000000426e+00 9.383745480719188903e-01
5.990000000000000213e+00 9.382606289576681524e-01
6.000000000000000000e+00 9.381465810976559183e-01
6.009999999999999787e+00 9.380324983569136021e-01
6.020000000000000462e+00 9.379184736285598456e-01
6.030000000000000249e+00 9.378045987660584837e-01
6.040000000000000036e+00 9.376909645160204088e-01
6.049999999999999822e+00 9.375776604516135038e-01
6.060000000000000497e+00 9.374647749066755686e-01
6.070000000000000284e+00 9.373523949105999620e-01
6.080000000000000071e+00 9.372406061240935449e-01
6.089999999999999858e+00 9.371294927758698767e-01
6.100000000000000533e+00 9.370191376003729200e-01
6.110000000000000320e+00 9.369096217766095247e-01
6.120000000000000107e+00 9.368010248681700736e-01
6.129999999999999893e+00 9.366934247645225531e-01
6.140000000000000568e+00 9.365868976236594312e-01
6.150000000000000355e+00 9.364815178161775000e-01
6.160000000000000142e+00 9.363773578708687317e-01
6.169999999999999929e+00 9.362744884219056374e-01
6.179999999999999716e+00 9.361729781576910714e-01
6.190000000000000391e+00 9.360728937714568598e-01
6.200000000000000178e+00 9.359742999136825281e-01
6.209999999999999964e+00 9.358772591464081803e-01
6.219999999999999751e+00 9.357818318995149154e-01
6.230000000000000426e+00 9.356880764290372854e-01
6.240000000000000213e+00 9.355960487775945023e-01
6.250000000000000000e+00 9.355058027369811402e-01
6.259999999999999787e+00 9.354173898130002662e-01
6.270000000000000462e+00 9.353308591926026150e-01
6.280000000000000249e+00 9.352462577133726640e-01
6.290000000000000036e+00 9.351636298354458754e-01
6.299999999999999822e+00 9.350830176158855256e-01
6.310000000000000497e+00 9.350044606855938412e-01
6.320000000000000284e+00 9.349279962287835311e-01
6.330000000000000071e+00 9.348536589650811024e-01
6.339999999999999858e+00 9.347814811342775032e-01
6.350000000000000533e+00 9.347114924837814920e-01
6.360000000000000320e+00 9.346437202588125936e-01
6.370000000000000107e+00 9.345781891953497400e-01
6.379999999999999893e+00 9.345149215158803369e-01
6.390000000000000568e+00 9.344539369279586394e-01
6.400000000000000355e+00 9.343952526256094071e-01
6.410000000000000142e+00 9.343388832935688448e-01
6.419999999999999929e+00 9.342848411144020204e-01
6.429999999999999716e+00 9.342331357784754431e-01
6.440000000000000391e+00 9.341837744968063406e-01
6.450000000000000178e+00 9.341367620167770891e-01
6.459999999999999964e+00 9.340921006407078009e-01
6.469999999999999751e+00 9.340497902472779668e-01
6.480000000000000426e+00 9.340098283157742820e-01
6.490000000000000213e+00 9.339722099531492239e-01
6.500000000000000000e+00 9.339369279238575183e-01
6.509999999999999787e+00 9.339039726824442944e-01
6.520000000000000462e+00 9.338733324088397403e-01
6.530000000000000249e+00 9.338449930463279536e-01
6.540000000000000036e+00 9.338189383421349188e-01
6.549999999999999822e+00 9.337951498905912029e-01
6.560000000000000497e+00 9.337736071788032000e-01
6.570000000000000284e+00 9.337542876347818543e-01
6.580000000000000071e+00 9.337371666779532564e-01
6.589999999999999858e+00 9.337222177719882721e-01
6.600000000000000533e+00 9.337094124798660522e-01
6.610000000000000320e+00 9.336987205211021434e-01
6.620000000000000107e+00 9.336901098310458336e-01
6.629999999999999893e+00 9.336835466221679036e-01
6.640000000000000568e+00 9.336789954472367592e-01
6.650000000000000355e+00 9.336764192642903470e-01
6.660000000000000142e+00 9.336757795033067131e-01
6.669999999999999929e+00 9.336770361344598479e-01
6.679999999999999716e+00 9.336801477378616765e-01
6.690000000000000391e+00 9.336850715746740637e-01
6.700000000000000178e+00 9.336917636594782577e-01
6.709999999999999964e+00 9.337001788337843111e-01
6.719999999999999751e+00 9.337102708405679019e-01
6.730000000000000426e+00 9.337219923996958881e-01
6.740000000000000213e+00 9.337352952841371234e-01
6.750000000000000000e+00 9.337501303968215316e-01
6.759999999999999787e+00 9.337664478480185437e-01
6.770000000000000462e+00 9.337841970331156594e-01
6.780000000000000249e+00 9.338033267106599089e-01
6.790000000000000036e+00 9.338237850805326534e-01
6.799999999999999822e+00 9.338455198621345987e-01
6.810000000000000497e+00 9.338684783724412464e-01
6.820000000000000284e+00 9.338926076037957769e-01
6.830000000000000071e+00 9.339178543013260114e-01
6.839999999999999858e+00 9.339441650398347949e-01
6.850000000000000533e+00 9.339714863000476708e-01
6.860000000000000320e+00 9.339997645440846208e-01
6.870000000000000107e+00 9.340289462900349671e-01
6.879999999999999893e+00 9.340589781855032081e-01
6.890000000000000568e+00 9.340898070800076614e-01
6.900000000000000355e+00 9.341213800961140068e-01
6.910000000000000142e+00 9.341536446991798304e-01
6.919999999999999929e+00 9.341865487655971467e-01
6.929999999999999716e+00 9.342200406494231002e-01
6.940000000000000391e+00 9.342540692472851571e-01
6.950000000000000178e+00 9.342885840614616466e-01
6.959999999999999964e+00 9.343235352610249622e-01
6.969999999999999751e+00 9.343588737409609379e-01
6.980000000000000426e+00 9.343945511791630354e-01
6.990000000000000213e+00 9.344305200912094156e-01
7.000000000000000000e+00 9.344667338828456238e-01
7.009999999999999787e+00 9.345031469000825153e-01
7.020000000000000462e+00 9.345397144768379238e-01
7.030000000000000249e+00 9.345763929800509073e-01
7.040000000000000036e+00 9.346131398521999589e-01
7.049999999999999822e+00 9.346499136511606798e-01
7.060000000000000497e+00 9.346866740873579493e-01
7.070000000000000284e+00 9.347233820581495323e-01
7.080000000000000071e+00 9.347599996794007104e-01
7.089999999999999858e+00 9.347964903142130799e-01
7.100000000000000533e+00 9.348328185987706540e-01
7.110000000000000320e+00 9.348689504652765159e-01
7.120000000000000107e+00 9.349048531619551516e-01
7.129999999999999893e+00 9.349404952701105831e-01
7.140000000000000568e+00 9.349758467182242017e-01
7.150000000000000355e+00 9.350108787930875298e-01
7.160000000000000142e+00 9.350455641479855640e-01
7.169999999999999929e+00 9.350798768079133794e-01
7.179999999999999716e+00 9.351137921718702950e-01
7.190000000000000391e+00 9.351472870122284897e-01
7.200000000000000178e+00 9.351803394712169260e-01
7.209999999999999964e+00 9.352129290545476703e-01
7.219999999999999751e+00 9.352450366222271327e-01
7.230000000000000426e+00 9.352766443765969662e-01
7.240000000000000213e+00 9.353077358476540315e-01
7.250000000000000000e+00 9.353382958757150423e-01
7.259999999999999787e+00 9.353683105914818441e-01
7.270000000000000462e+00 9.353977673935787163e-01
7.280000000000000249e+00 9.354266549236495143e-01
7.290000000000000036e+00 9.354549630390779358e-01
7.299999999999999822e+00 9.354826827834368252e-01
7.310000000000000497e+00 9.355098063547504506e-01
7.320000000000000284e+00 9.355363270716733348e-01
7.330000000000000071e+00 9.355622393376862300e-01
7.339999999999999858e+00 9.355875386034290253e-01
7.350000000000000533e+00 9.356122213272750621e-01
7.360000000000000320e+00 9.356362849342784171e-01
7.370000000000000107e+00 9.356597277736080631e-01
7.379999999999999893e+00 9.356825490746111251e-01
7.390000000000000568e+00 9.357047489016325770e-01
7.400000000000000355e+00 9.357263281077281558e-01
7.410000000000000142e+00 9.357472882874242615e-01
7.419999999999999929e+00 9.357676317286517387e-01
7.429999999999999716e+00 9.357873613640269594e-01
7.440000000000000391e+00 9.358064807216093239e-01
7.450000000000000178e+00 9.358249938753059327e-01
7.459999999999999964e+00 9.358429053950733101e-01
7.469999999999999751e+00 9.358602202970804917e-01
7.480000000000000426e+00 9.358769439939789159e-01
7.490000000000000213e+00 9.358930822454614162e-01
7.500000000000000000e+00 9.359086411092597535e-01
7.509999999999999787e+00 9.359236268927385582e-01
7.520000000000000462e+00 9.359380461052571043e-01
7.530000000000000249e+00 9.359519054114501246e-01
7.540000000000000036e+00 9.359652115855952026e-01
7.549999999999999822e+00 9.359779714672123996e-01
7.560000000000000497e+00 9.359901919180617647e-01
7.570000000000000284e+00 9.360018797806772817e-01
7.580000000000000071e+00 9.360130418385985696e-01
7.589999999999999858e+00 9.360236847784297876e-01
7.600000000000000533e+00 9.360338151538699636e-01
7.610000000000000320e+00 9.360434393518537455e-01
7.620000000000000107e+00 9.360525635609119322e-01
7.629999999999999893e+00 9.360611937418916728e-01
7.640000000000000568e+00 9.360693356011361432e-01
7.650000000000000355e+00 9.360769945662309466e-01
7.660000000000000142e+00 9.360841757644215999e-01
7.669999999999999929e+00 9.360908840037789336e-01
7.679999999999999716e+00 9.360971237572006665e-01
7.690000000000000391e+00 9.361028991493138829e-01
7.700000000000000178e+00 9.361082139463386964e-01
7.709999999999999964e+00 9.361130715489578424e-01
7.719999999999999751e+00 9.361174749882350543e-01
7.730000000000000426e+00 9.361214269246054265e-01
7.740000000000000213e+00 9.361249296499475347e-01
7.750000000000000000e+00 9.361279850927447521e-01
7.759999999999999787e+00 9.361305948263201060e-01
7.770000000000000462e+00 9.361327600801261362e-01
7.780000000000000249e+00 9.361344817540494523e-01
7.790000000000000036e+00 9.361357604356829176e-01
7.799999999999999822e+00 9.361365964205009549e-01
7.810000000000000497e+00 9.361369897348688074e-01
7.820000000000000284e+00 9.361369401617891661e-01
7.830000000000000071e+00 9.361364472692940142e-01
7.839999999999999858e+00 9.361355104413604522e-01
7.850000000000000533e+00 9.361341289112319330e-01
7.860000000000000320e+00 9.361323017970030191e-01
7.870000000000000107e+00 9.361300281393127865e-01
7.879999999999999893e+00 9.361273069409983272e-01
7.890000000000000568e+00 9.361241372085233881e-01
7.900000000000000355e+00 9.361205179950038424e-01
7.910000000000000142e+00 9.361164484446451439e-01
7.919999999999999929e+00 9.361119278383710496e-01
7.930000000000000604e+00 9.361069556404532088e-01
7.940000000000000391e+00 9.361015315459152442e-01
7.950000000000000178e+00 9.360956555284778435e-01
7.959999999999999964e+00 9.360893278888282598e-01
7.969999999999999751e+00 9.360825493029684141e-01
7.980000000000000426e+00 9.360753208704011286e-01
7.990000000000000213e+00 9.360676441619113497e-01
8.000000000000000000e+00 9.360595212666968923e-01
8.009999999999999787e+00 9.360509548385986811e-01
8.019999999999999574e+00 9.360419481411764719e-01
8.029999999999999361e+00 9.360325050913970157e-01
8.040000000000000924e+00 9.360226303016715432e-01
8.050000000000000711e+00 9.360123291200141971e-01
8.060000000000000497e+00 9.360016076680698349e-01
8.070000000000000284e+00 9.359904728767872717e-01
8.080000000000000071e+00 9.359789325195103649e-01
8.089999999999999858e+00 9.359669952422575712e-01
8.099999999999999645e+00 9.359546705909898012e-01
8.109999999999999432e+00 9.359419690356606258e-01
8.120000000000000995e+00 9.359289019908572094e-01
8.130000000000000782e+00 9.359154818328530023e-01
8.140000000000000568e+00 9.359017219129071030e-01
8.150000000000000355e+00 9.358876365666584096e-01
8.160000000000000142e+00 9.358732411194697898e-01
8.169999999999999929e+00 9.358585518876094689e-01
8.179999999999999716e+00 9.358435861751515095e-01
8.189999999999999503e+00 9.358283622665187762e-01
8.199999999999999289e+00 9.358128994145786805e-01
8.210000000000000853e+00 9.357972178242565109e-01
8.220000000000000639e+00 9.357813386316158333e-01
8.230000000000000426e+00 9.357652838783954152e-01
8.240000000000000213e+00 9.357490764820101115e-01
8.250000000000000000e+00 9.357327402010306994e-01
8.259999999999999787e+00 9.357162995961867402e-01
8.269999999999999574e+00 9.356997799869629651e-01
8.279999999999999361e+00 9.356832074038659020e-01
8.290000000000000924e+00 9.356666085364629959e-01
8.300000000000000711e+00 9.356500106773234515e-01
8.310000000000000497e+00 9.356334416620005756e-01
8.320000000000000284e+00 9.356169298052192662e-01
8.330000000000000071e+00 9.356005038334472834e-01
8.339999999999999858e+00 9.355841928140576913e-01
8.349999999999999645e+00 9.355680260812943017e-01
8.359999999999999432e+00 9.355520331592788175e-01
8.370000000000000995e+00 9.355362436823112526e-01
8.380000000000000782e+00 9.355206873127336342e-01
8.390000000000000568e+00 9.355053936566399830e-01
8.400000000000000355e+00 9.354903921777237841e-01
8.410000000000000142e+00 9.354757121095819139e-01
8.419999999999999929e+00 9.354613823667891070e-01
8.429999999999999716e+00 9.354474314550803582e-01
8.439999999999999503e+00 9.354338873809785460e-01
8.449999999999999289e+00 9.354207775612189968e-01
8.460000000000000853e+00 9.354081287323279259e-01
8.470000000000000639e+00 9.353959668607104705e-01
8.480000000000000426e+00 9.353843170536234597e-01
8.490000000000000213e+00 9.353732034713895249e-01
8.500000000000000000e+00 9.353626492412239202e-01
8.509999999999999787e+00 9.353526763730516391e-01
8.519999999999999574e+00 9.353433056776606636e-01
8.529999999999999361e+00 9.353345566875671535e-01
8.540000000000000924e+00 9.353264475809478506e-01
8.550000000000000711e+00 9.353189951089790899e-01
8.560000000000000497e+00 9.353122145269310295e-01
8.570000000000000284e+00 9.353061195293438379e-01
8.580000000000000071e+00 9.353007221896061374e-01
8.589999999999999858e+00 9.352960329042361298e-01
8.599999999999999645e+00 9.352920603421639445e-01
8.609999999999999432e+00 9.352888113992783303e-01
8.620000000000000995e+00 9.352862911585098082e-01
8.630000000000000782e+00 9.352845028556687756e-01
8.640000000000000568e+00 9.352834478512794814e-01
8.650000000000000355e+00 9.352831256085851752e-01
8.660000000000000142e+00 9.352835336779078412e-01
8.669999999999999929e+00 9.352846676875222753e-01
8.679999999999999716e+00 9.352865213411474254e-01
8.689999999999999503e+00 9.352890864221827805e-01
8.700000000000001066e+00 9.352923528047353274e-01
8.710000000000000853e+00 9.352963084715144593e-01
8.720000000000000639e+00 9.353009395385877278e-01
8.730000000000000426e+00 9.353062302870056577e-01
8.740000000000000213e+00 9.353121632012514342e-01
8.750000000000000000e+00 9.353187190144532925e-01
8.759999999999999787e+00 9.353258767602580237e-01
8.769999999999999574e+00 9.353336138312529080e-01
8.779999999999999361e+00 9.353419060437760946e-01
8.790000000000000924e+00 9.353507277089293526e-01
8.800000000000000711e+00 9.353600517095956857e-01
8.810000000000000497e+00 9.353698495832171167e-01
8.820000000000000284e+00 9.353800916100669660e-01
8.830000000000000071e+00 9.353907469067272995e-01
8.839999999999999858e+00 9.354017835244561319e-01
8.849999999999999645e+00 9.354131685521023254e-01
8.859999999999999432e+00 9.354248682231942613e-01
8.870000000000000995e+00 9.354368480268367980e-01
8.880000000000000782e+00 9.354490728219789775e-01
8.890000000000000568e+00 9.354615069546498018e-01
8.900000000000000355e+00 9.354741143777008938e-01
8.910000000000000142e+00 9.354868587726080653e-01
8.919999999999999929e+00 9.354997036728393001e-01
8.929999999999999716e+00 9.355126125883145294e-01
8.939999999999999503e+00 9.355255491304543813e-01
8.950000000000001066e+00 9.355384771373079777e-01
8.960000000000000853e+00 9.355513607982528512e-01
8.970000000000000639e+00 9.355641647777472869e-01
8.980000000000000426e+00 9.355768543376143942e-01
8.990000000000000213e+00 9.355893954573466509e-01
9.000000000000000000e+00 9.356017549519091148e-01
9.009999999999999787e+00 9.356139005865431457e-01
9.019999999999999574e+00 9.356258011880583814e-01
9.029999999999999361e+00 9.356374267521326837e-01
9.040000000000000924e+00 9.356487485461403297e-01
9.050000000000000711e+00 9.356597392070400421e-01
9.060000000000000497e+00 9.356703728338885417e-01
9.070000000000000284e+00 9.356806250745549614e-01
9.080000000000000071e+00 9.356904732062203411e-01
9.089999999999999858e+00 9.356998962093053818e-01
9.099999999999999645e+00 9.357088748344589701e-01
9.109999999999999432e+00 9.357173916622951726e-01
9.120000000000000995e+00 9.357254311555799342e-01
9.130000000000000782e+00 9.357329797036146868e-01
9.140000000000000568e+00 9.357400256585829412e-01
9.150000000000000355e+00 9.357465593636774548e-01
9.160000000000000142e+00 9.357525731728489893e-01
9.169999999999999929e+00 9.357580614620606418e-01
9.179999999999999716e+00 9.357630206319735855e-01
9.189999999999999503e+00 9.357674491020295804e-01
9.200000000000001066e+00 9.357713472959191536e-01
9.210000000000000853e+00 9.357747176184967319e-01
9.220000000000000639e+00 9.357775644242183333e-01
9.230000000000000426e+00 9.357798939772262736e-01
9.240000000000000213e+00 9.357817144032475332e-01
9.250000000000000000e+00 9.357830356335226085e-01
9.259999999999999787e+00 9.357838693409871178e-01
9.269999999999999574e+00 9.357842288690235710e-01
9.279999999999999361e+00 9.357841291530768491e-01
9.290000000000000924e+00 9.357835866355086463e-01
9.300000000000000711e+00 9.357826191740846733e-01
9.310000000000000497e+00 9.357812459445156161e-01
9.320000000000000284e+00 9.357794873375125944e-01
9.330000000000000071e+00 9.357773648508554976e-01
9.339999999999999858e+00 9.357749009769713577e-01
9.349999999999999645e+00 9.357721190865824212e-01
9.359999999999999432e+00 9.357690433089735915e-01
9.370000000000000995e+00 9.357656984094628871e-01
9.380000000000000782e+00 9.357621096646782100e-01
9.390000000000000568e+00 9.357583027362484929e-01
9.400000000000000355e+00 9.357543035435277323e-01
9.410000000000000142e+00 9.357501381359946135e-01
9.419999999999999929e+00 9.357458325659421261e-01
9.429999999999999716e+00 9.357414127621082045e-01
9.439999999999999503e+00 9.357369044048652329e-01
9.450000000000001066e+00 9.357323328036144527e-01
9.460000000000000853e+00 9.357277227769714711e-01
9.470000000000000639e+00 9.357230985363763631e-01
9.480000000000000426e+00 9.357184835737002437e-01
9.490000000000000213e+00 9.357139005534191867e-01
9.500000000000000000e+00 9.357093712099032734e-01
9.509999999999999787e+00 9.357049162503483508e-01
9.519999999999999574e+00 9.357005552638341106e-01
9.529999999999999361e+00 9.356963066369764492e-01
9.540000000000000924e+00 9.356921874766008784e-01
9.550000000000000711e+00 9.356882135398337796e-01
9.560000000000000497e+00 9.356843991719638876e-01
9.570000000000000284e+00 9.356807572523775374e-01
9.580000000000000071e+00 9.356772991488664371e-01
9.589999999999999858e+00 9.356740346805032527e-01
9.599999999999999645e+00 9.356709720892893989e-01
9.609999999999999432e+00 9.356681180207031545e-01
9.620000000000000995e+00 9.356654775132370316e-01
9.630000000000000782e+00 9.356630539969648108e-01
9.640000000000000568e+00 9.356608493011288052e-01
9.650000000000000355e+00 9.356588636706868467e-01
9.660000000000000142e+00 9.356570957917217379e-01
9.669999999999999929e+00 9.356555428255448614e-01
9.679999999999999716e+00 9.356542004513086486e-01
9.689999999999999503e+00 9.356530629168555713e-01
9.700000000000001066e+00 9.356521230975358705e-01
9.710000000000000853e+00 9.356513725626304234e-01
9.720000000000000639e+00 9.356508016490137081e-01
9.730000000000000426e+00 9.356503995416203256e-01
9.740000000000000213e+00 9.356501543602701032e-01
9.750000000000000000e+00 9.356500532523418512e-01
9.759999999999999787e+00 9.356500824907655334e-01
9.769999999999999574e+00 9.356502275767832888e-01
9.779999999999999361e+00 9.356504733468694601e-01
9.790000000000000924e+00 9.356508040832175466e-01
9.800000000000000711e+00 9.356512036271404931e-01
9.810000000000000497e+00 9.356516554947417186e-01
9.820000000000000284e+00 9.356521429941792034e-01
9.830000000000000071e+00 9.356526493438525049e-01
9.839999999999999858e+00 9.356531577908183683e-01
9.849999999999999645e+00 9.356536517287484811e-01
9.859999999999999432e+00 9.356541148147370368e-01
9.870000000000000995e+00 9.356545310842772079e-01
9.880000000000000782e+00 9.356548850637185222e-01
9.890000000000000568e+00 9.356551618795510006e-01
9.900000000000000355e+00 9.356553473638541396e-01
9.910000000000000142e+00 9.356554281552881269e-01
9.919999999999999929e+00 9.356553917950117816e-01
9.929999999999999716e+00 9.356552268169489039e-01
9.939999999999999503e+00 9.356549228318404854e-01
9.950000000000001066e+00 9.356544706045816229e-01
9.960000000000000853e+00 9.356538621243418730e-01
9.970000000000000639e+00 9.356530906670276204e-01
9.980000000000000426e+00 9.356521508496906669e-01
9.990000000000000213e+00 9.356510386765138909e-01
1.000000000000000000e+01 9.356497515760726635e-01
1.000999999999999979e+01 9.356482884295955760e-01
1.001999999999999957e+01 9.356466495900268576e-01
1.002999999999999936e+01 9.356448368917125169e-01
1.004000000000000092e+01 9.356428536506165017e-01
1.005000000000000071e+01 9.356407046550101470e-01
1.006000000000000050e+01 9.356383961466334664e-01
1.007000000000000028e+01 9.356359357923919040e-01
1.008000000000000007e+01 9.356333326466965694e-01
1.008999999999999986e+01 9.356305971046241510e-01
1.009999999999999964e+01 9.356277408461231015e-01
1.010999999999999943e+01 9.356247767715299979e-01
1.012000000000000099e+01 9.356217189287547864e-01
1.013000000000000078e+01 9.356185824324957379e-01
1.014000000000000057e+01 9.356153833759355276e-01
1.015000000000000036e+01 9.356121387353978358e-01
1.016000000000000014e+01 9.356088662684906021e-01
1.016999999999999993e+01 9.356055844063136950e-01
1.017999999999999972e+01 9.356023121403507226e-01
1.018999999999999950e+01 9.355990689046795872e-01
1.020000000000000107e+01 9.355958744542117733e-01
1.021000000000000085e+01 9.355927487396533682e-01
1.022000000000000064e+01 9.355897117799478746e-01
1.023000000000000043e+01 9.355867835329594318e-01
1.024000000000000021e+01 9.355839837651787061e-01
1.025000000000000000e+01 9.355813319212586965e-01
1.025999999999999979e+01 9.355788469941771490e-01
1.026999999999999957e+01 9.355765473968388202e-01
1.027999999999999936e+01 9.355744508359440381e-01
1.029000000000000092e+01 9.355725741889112657e-01
1.030000000000000071e+01 9.355709333846589093e-01
1.031000000000000050e+01 9.355695432890336338e-01
1.032000000000000028e+01 9.355684175956384685e-01
1.033000000000000007e+01 9.355675687228039994e-01
1.033999999999999986e+01 9.355670077174124133e-01
1.034999999999999964e+01 9.355667441662404160e-01
1.035999999999999943e+01 9.355667861154652876e-01
1.037000000000000099e+01 9.355671399989180514e-01
1.038000000000000078e+01 9.355678105756347618e-01
1.039000000000000057e+01 9.355688008771937403e-01
1.040000000000000036e+01 9.355701121652805208e-01
1.041000000000000014e+01 9.355717438998486513e-01
1.041999999999999993e+01 9.355736937182069779e-01
1.042999999999999972e+01 9.355759574252802135e-01
1.043999999999999950e+01 9.355785289952139872e-01
1.045000000000000107e+01 9.355814005844551584e-01
1.046000000000000085e+01 9.355845625563489198e-01
1.047000000000000064e+01 9.355880035172088327e-01
1.048000000000000043e+01 9.355917103637746424e-01
1.049000000000000021e+01 9.355956683418659159e-01
1.050000000000000000e+01 9.355998611159992429e-01
1.050999999999999979e+01 9.356042708496175031e-01
1.051999999999999957e+01 9.356088782955682692e-01
1.052999999999999936e+01 9.356136628963392932e-01
1.054000000000000092e+01 9.356186028935297161e-01
1.055000000000000071e+01 9.356236754459460458e-01
1.056000000000000050e+01 9.356288567556700908e-01
1.057000000000000028e+01 9.356341222013661030e-01
1.058000000000000007e+01 9.356394464780509734e-01
1.058999999999999986e+01 9.356448037424986985e-01
1.059999999999999964e+01 9.356501677633893843e-01
1.060999999999999943e+01 9.356555120753105026e-01
1.062000000000000099e+01 9.356608101356227447e-01
1.063000000000000078e+01 9.356660354832295745e-01
1.064000000000000057e+01 9.356711618982340717e-01
1.065000000000000036e+01 9.356761635614527783e-01
1.066000000000000014e+01 9.356810152127607028e-01
1.066999999999999993e+01 9.356856923072116583e-01
1.067999999999999972e+01 9.356901711679092015e-01
1.068999999999999950e+01 9.356944291345977716e-01
1.070000000000000107e+01 9.356984447069585098e-01
1.071000000000000085e+01 9.357021976816281006e-01
1.072000000000000064e+01 9.357056692819841759e-01
1.073000000000000043e+01 9.357088422797793514e-01
1.074000000000000021e+01 9.357117011077625834e-01
1.075000000000000000e+01 9.357142319624496274e-01
1.075999999999999979e+01 9.357164228962941976e-01
1.076999999999999957e+01 9.357182638985617196e-01
1.077999999999999936e+01 9.357197469642666299e-01
1.079000000000000092e+01 9.357208661506303260e-01
1.080000000000000071e+01 9.357216176205755964e-01
1.081000000000000050e+01 9.357219996728731726e-01
1.082000000000000028e+01 9.357220127586307612e-01
1.083000000000000007e+01 9.357216594839187218e-01
1.083999999999999986e+01 9.357209445983950546e-01
1.084999999999999964e+01 9.357198749699314755e-01
1.085999999999999943e+01 9.357184595452792131e-01
1.087000000000000099e+01 9.357167092969653766e-01
1.088000000000000078e+01 9.357146371566741339e-01
1.089000000000000057e+01 9.357122579354749670e-01
1.090000000000000036e+01 9.357095882313410939e-01
1.091000000000000014e+01 9.357066463245260479e-01
1.091999999999999993e+01 9.357034520614122552e-01
1.092999999999999972e+01 9.357000267275593641e-01
1.093999999999999950e+01 9.356963929107650069e-01
1.095000000000000107e+01 9.356925743549960872e-01
1.096000000000000085e+01 9.356885958061612607e-01
1.097000000000000064e+01 9.356844828507251410e-01
1.098000000000000043e+01 9.356802617482455897e-01
1.099000000000000021e+01 9.356759592589524166e-01
1.100000000000000000e+01 9.356716024675391097e-01
1.100999999999999979e+01 9.356672186043754058e-01
1.101999999999999957e+01 9.356628348653613925e-01
1.102999999999999936e+01 9.356584782316829108e-01
1.104000000000000092e+01 9.356541752907230336e-01
1.105000000000000071e+01 9.356499520593913877e-01
1.106000000000000050e+01 9.356458338111245387e-01
1.107000000000000028e+01 9.356418449077944510e-01
1.108000000000000007e+01 9.356380086377206196e-01
1.108999999999999986e+01 9.356343470609868040e-01
1.109999999999999964e+01 9.356308808631520479e-01
1.110999999999999943e+01 9.356276292184694254e-01
1.112000000000000099e+01 9.356246096636018361e-01
1.113000000000000078e+01 9.356218379827804243e-01
1.114000000000000057e+01 9.356193281052909150e-01
1.115000000000000036e+01 9.356170920160525872e-01
1.116000000000000014e+01 9.356151396799885500e-01
1.116999999999999993e+01 9.356134789807936114e-01
1.117999999999999972e+01 9.356121156745746958e-01
1.118999999999999950e+01 9.356110533587800315e-01
1.120000000000000107e+01 9.356102934566664642e-01
1.121000000000000085e+01 9.356098352175008515e-01
1.122000000000000064e+01 9.356096757325247371e-01
1.123000000000000043e+01 9.356098099666284584e-01
1.124000000000000021e+01 9.356102308055501693e-01
1.125000000000000000e+01 9.356109291183063448e-01
1.125999999999999979e+01 9.356118938344362146e-01
1.126999999999999957e+01 9.356131120355331010e-01
1.127999999999999936e+01 9.356145690604328324e-01
1.129000000000000092e+01 9.356162486233144948e-01
1.130000000000000071e+01 9.356181329438695293e-01
1.131000000000000050e+01 9.356202028886021482e-01
1.132000000000000028e+01 9.356224381222346675e-01
1.133000000000000007e+01 9.356248172681032038e-01
1.133999999999999986e+01 9.356273180763613473e-01
1.134999999999999964e+01 9.356299175987399241e-01
1.135999999999999943e+01 9.356325923685627766e-01
1.137000000000000099e+01 9.356353185846414400e-01
1.138000000000000078e+01 9.356380722976812558e-01
1.139000000000000057e+01 9.356408295977609590e-01
1.140000000000000036e+01 9.356435668014502216e-01
1.141000000000000014e+01 9.356462606371342972e-01
1.141999999999999993e+01 9.356488884270901529e-01
1.142999999999999972e+01 9.356514282649046610e-01
1.143999999999999950e+01 9.356538591868457377e-01
1.145000000000000107e+01 9.356561613358126417e-01
1.146000000000000085e+01 9.356583161165870077e-01
1.147000000000000064e+01 9.356603063411159660e-01
1.148000000000000043e+01 9.356621163626728244e-01
1.149000000000000021e+01 9.356637321977807620e-01
1.150000000000000000e+01 9.356651416349242023e-01
1.150999999999999979e+01 9.356663343291075075e-01
1.151999999999999957e+01 9.356673018814893883e-01
1.152999999999999936e+01 9.356680379033889272e-01
1.154000000000000092e+01 9.356685380641089900e-01
1.155000000000000071e+01 9.356688001221241668e-01
1.156000000000000050e+01 9.356688239393290418e-01
1.157000000000000028e+01 9.356686114781687102e-01
1.158000000000000007e+01 9.356681667816074688e-01
1.158999999999999986e+01 9.356674959360261612e-01
1.159999999999999964e+01 9.356666070172944272e-01
1.160999999999999943e+01 9.356655100203808972e-01
1.162000000000000099e+01 9.356642167730077064e-01
1.163000000000000078e+01 9.356627408339902585e-01
1.164000000000000057e+01 9.356610973770296269e-01
1.165000000000000036e+01 9.356593030608573169e-01
1.166000000000000014e+01 9.356573758867187118e-01
1.166999999999999993e+01 9.356553350443490569e-01
1.167999999999999972e+01 9.356532007476289214e-01
1.168999999999999950e+01 9.356509940612552922e-01
1.170000000000000107e+01 9.356487367198145222e-01
1.171000000000000085e+01 9.356464509407318442e-01
1.172000000000000064e+01 9.356441592326246726e-01
1.173000000000000043e+01 9.356418842006386516e-01
1.174000000000000021e+01 9.356396483503706119e-01
1.175000000000000000e+01 9.356374738920457679e-01
1.175999999999999979e+01 9.356353825465424379e-01
1.176999999999999957e+01 9.356333953549652582e-01
1.177999999999999936e+01 9.356315324933408561e-01
1.179000000000000092e+01 9.356298130940552404e-01
1.180000000000000071e+01 9.356282550755676830e-01
1.181000000000000050e+01 9.356268749818886787e-01
1.182000000000000028e+01 9.356256878332362970e-01
1.183000000000000007e+01 9.356247069891968637e-01
1.183999999999999986e+01 9.356239440256233220e-01
1.184999999999999964e+01 9.356234086263977012e-01
1.185999999999999943e+01 9.356231084910565654e-01
1.187000000000000099e+01 9.356230492591547376e-01
1.188000000000000078e+01 9.356232344521108191e-01
1.189000000000000057e+01 9.356236654331304692e-01
1.190000000000000036e+01 9.356243413856353275e-01
1.191000000000000014e+01 9.356252593105032211e-01
1.191999999999999993e+01 9.356264140422326792e-01
1.192999999999999972e+01 9.356277982839987795e-01
1.193999999999999950e+01 9.356294026614062620e-01
1.195000000000000107e+01 9.356312157945673169e-01
1.196000000000000085e+01 9.356332243879874611e-01
1.197000000000000064e+01 9.356354133375669457e-01
1.198000000000000043e+01 9.356377658538995723e-01
1.199000000000000021e+01 9.356402636008578355e-01
1.200000000000000000e+01 9.356428868483614991e-01
1.200999999999999979e+01 9.356456146380685013e-01
1.201999999999999957e+01 9.356484249606010772e-01
1.203000000000000114e+01 9.356512949428350545e-01
1.204000000000000092e+01 9.356542010436476042e-01
1.205000000000000071e+01 9.356571192564709927e-01
1.206000000000000050e+01 9.356600253168930736e-01
1.207000000000000028e+01 9.356628949135210593e-01
1.208000000000000007e+01 9.356657039002624909e-01
1.208999999999999986e+01 9.356684285081611208e-01
1.209999999999999964e+01 9.356710455549163141e-01
1.210999999999999943e+01 9.356735326502310102e-01
1.212000000000000099e+01 9.356758683951440503e-01
1.213000000000000078e+01 9.356780325735527537e-01
1.214000000000000057e+01 9.356800063341905727e-01
1.215000000000000036e+01 9.356817723614010429e-01
1.216000000000000014e+01 9.356833150331325122e-01
1.216999999999999993e+01 9.356846205646804915e-01
1.217999999999999972e+01 9.356856771368414760e-01
1.218999999999999950e+01 9.356864750072425574e-01
1.220000000000000107e+01 9.356870066037924483e-01
1.221000000000000085e+01 9.356872665993138938e-01
1.222000000000000064e+01 9.356872519666132870e-01
1.223000000000000043e+01 9.356869620133997367e-01
1.224000000000000021e+01 9.356863983966350329e-01
1.225000000000000000e+01 9.356855651161111176e-01
1.225999999999999979e+01 9.356844684871890028e-01
1.226999999999999957e+01 9.356831170928704422e-01
1.228000000000000114e+01 9.356815217155227682e-01
1.229000000000000092e+01 9.356796952487920205e-01
1.230000000000000071e+01 9.356776525903869324e-01
1.231000000000000050e+01 9.356754105166436020e-01
1.232000000000000028e+01 9.356729875398898111e-01
1.233000000000000007e+01 9.356704037498430049e-01
1.233999999999999986e+01 9.356676806403965152e-01
1.234999999999999964e+01 9.356648409232894981e-01
1.235999999999999943e+01 9.356619083303051587e-01
1.237000000000000099e+01 9.356589074057278799e-01
1.238000000000000078e+01 9.356558632908992257e-01
1.239000000000000057e+01 9.356528015028003908e-01
1.240000000000000036e+01 9.356497477086394010e-01
1.241000000000000014e+01 9.356467274984774374e-01
1.241999999999999993e+01 9.356437661579507514e-01
1.242999999999999972e+01 9.356408884431580697e-01
1.243999999999999950e+01 9.356381183597728413e-01
1.245000000000000107e+01 9.356354789484045975e-01
1.246000000000000085e+01 9.356329920781953913e-01
1.247000000000000064e+01 9.356306782505683373e-01
1.248000000000000043e+01 9.356285564149489087e-01
1.249000000000000021e+01 9.356266437982040385e-01
1.250000000000000000e+01 9.356249557493953040e-01
1.250999999999999979e+01 9.356235056013372242e-01
1.251999999999999957e+01 9.356223045502739533e-01
1.253000000000000114e+01 9.356213615548606422e-01
1.254000000000000092e+01 9.356206832554297970e-01
1.255000000000000071e+01 9.356202739143596459e-01
1.256000000000000050e+01 9.356201353781682384e-01
1.257000000000000028e+01 9.356202670617436157e-01
1.258000000000000007e+01 9.356206659549467508e-01
1.258999999999999986e+01 9.356213266515690519e-01
1.259999999999999964e+01 9.356222414004787824e-01
1.260999999999999943e+01 9.356234001785238563e-01
1.262000000000000099e+01 9.356247907846011458e-01
1.263000000000000078e+01 9.356263989540651860e-01
1.264000000000000057e+01 9.356282084924834042e-01
1.265000000000000036e+01 9.356302014275447165e-01
1.266000000000000014e+01 9.356323581777439280e-01
1.266999999999999993e+01 9.356346577363312544e-01
1.267999999999999972e+01 9.356370778688263279e-01
1.268999999999999950e+01 9.356395953222906847e-01
1.270000000000000107e+01 9.356421860444184002e-01
1.271000000000000085e+01 9.356448254104092754e-01
1.272000000000000064e+01 9.356474884554940585e-01
1.273000000000000043e+01 9.356501501109392160e-01
1.274000000000000021e+01 9.356527854412878265e-01
1.275000000000000000e+01 9.356553698805929464e-01
1.275999999999999979e+01 9.356578794653874764e-01
1.276999999999999957e+01 9.356602910621526492e-01
1.278000000000000114e+01 9.356625825870964475e-01
1.279000000000000092e+01 9.356647332161147634e-01
1.280000000000000071e+01 9.356667235828738383e-01
1.281000000000000050e+01 9.356685359630895205e-01
1.282000000000000028e+01 9.356701544431670348e-01
1.283000000000000007e+01 9.356715650715289323e-01
1.283999999999999986e+01 9.356727559911042214e-01
1.284999999999999964e+01 9.356737175516363081e-01
1.285999999999999943e+01 9.356744424006467886e-01
1.287000000000000099e+01 9.356749255520964148e-01
1.288000000000000078e+01 9.356751644319986072e-01
1.289000000000000057e+01 9.356751589004513869e-01
1.290000000000000036e+01 9.356749112498013998e-01
1.291000000000000014e+01 9.356744261788613182e-01
1.291999999999999993e+01 9.356737107433521494e-01
1.292999999999999972e+01 9.356727742829716865e-01
1.293999999999999950e+01 9.356716283257217048e-01
1.295000000000000107e+01 9.356702864703584366e-01
1.296000000000000085e+01 9.356687642480455702e-01
1.297000000000000064e+01 9.356670789645122888e-01
1.298000000000000043e+01 9.356652495242023804e-01
1.299000000000000021e+01 9.356632962381123964e-01
1.300000000000000000e+01 9.356612406171700425e-01
1.300999999999999979e+01 9.356591051531633063e-01
1.301999999999999957e+01 9.356569130893828135e-01
1.303000000000000114e+01 9.356546881832328300e-01
1.304000000000000092e+01 9.356524544631772411e-01
1.305000000000000071e+01 9.356502359824648840e-01
1.306000000000000050e+01 9.356480565720994846e-01
1.307000000000000028e+01 9.356459395955704084e-01
1.308000000000000007e+01 9.356439077078526623e-01
1.308999999999999986e+01 9.356419826211395119e-01
1.309999999999999964e+01 9.356401848797425425e-01
1.310999999999999943e+01 9.356385336464992930e-01
1.312000000000000099e+01 9.356370465029385519e-01
1.313000000000000078e+01 9.356357392653082972e-01
1.314000000000000057e+01 9.356346258184524700e-01
1.315000000000000036e+01 9.356337179693103856e-01
1.316000000000000014e+01 9.356330253216681436e-01
1.316999999999999993e+01 9.356325551735371615e-01
1.317999999999999972e+01 9.356323124383486567e-01
1.318999999999999950e+01 9.356322995908838980e-01
1.320000000000000107e+01 9.356325166386229020e-01
1.321000000000000085e+01 9.356329611189331263e-01
1.322000000000000064e+01 9.356336281222472628e-01
1.323000000000000043e+01 9.356345103411037867e-01
1.324000000000000021e+01 9.356355981446737857e-01
1.325000000000000000e+01 9.356368796780861752e-01
1.325999999999999979e+01 9.356383409856449118e-01
1.326999999999999957e+01 9.356399661567296189e-01
1.328000000000000114e+01 9.356417374929559827e-01
1.329000000000000092e+01 9.356436356949132671e-01
1.330000000000000071e+01 9.356456400665915663e-01
1.331000000000000050e+01 9.356477287354006966e-01
1.332000000000000028e+01 9.356498788855178717e-01
1.333000000000000007e+01 9.356520670021040154e-01
1.333999999999999986e+01 9.356542691238656229e-01
1.334999999999999964e+01 9.356564611012441190e-01
1.335999999999999943e+01 9.356586188575205520e-01
1.337000000000000099e+01 9.356607186500150997e-01
1.338000000000000078e+01 9.356627373285577587e-01
1.339000000000000057e+01 9.356646525884436683e-01
1.340000000000000036e+01 9.356664432150819666e-01
1.341000000000000014e+01 9.356680893176576586e-01
1.341999999999999993e+01 9.356695725492051308e-01
1.342999999999999972e+01 9.356708763106362792e-01
1.343999999999999950e+01 9.356719859364179825e-01
1.345000000000000107e+01 9.356728888597839466e-01
1.346000000000000085e+01 9.356735747555692262e-01
1.347000000000000064e+01 9.356740356590027563e-01
1.348000000000000043e+01 9.356742660590305904e-01
1.349000000000000021e+01 9.356742629650269816e-01
1.350000000000000000e+01 9.356740259460326614e-01
1.350999999999999979e+01 9.356735571419488862e-01
1.351999999999999957e+01 9.356728612464356720e-01
1.353000000000000114e+01 9.356719454615807230e-01
1.354000000000000092e+01 9.356708194246757815e-01
1.355000000000000071e+01 9.356694951078146083e-01
1.356000000000000050e+01 9.356679866912854804e-01
1.357000000000000028e+01 9.356663104120345187e-01
1.358000000000000007e+01 9.356644843887890195e-01
1.358999999999999986e+01 9.356625284256647745e-01
1.359999999999999964e+01 9.356604637963631399e-01
1.360999999999999943e+01 9.356583130112695601e-01
1.362000000000000099e+01 9.356560995699905181e-01
1.363000000000000078e+01 9.356538477020293065e-01
1.364000000000000057e+01 9.356515820984520060e-01
1.365000000000000036e+01 9.356493276375312806e-01
1.366000000000000014e+01 9.356471091074033408e-01
1.366999999999999993e+01 9.356449509288731203e-01
1.367999999999999972e+01 9.356428768814656349e-01
1.368999999999999950e+01 9.356409098358471343e-01
1.370000000000000107e+01 9.356390714956595023e-01
1.371000000000000085e+01 9.356373821517244282e-01
1.372000000000000064e+01 9.356358604514625199e-01
1.373000000000000043e+01 9.356345231861903367e-01
1.374000000000000021e+01 9.356333850988030054e-01
1.375000000000000000e+01 9.356324587140928406e-01
1.375999999999999979e+01 9.356317541937394511e-01
1.376999999999999957e+01 9.356312792177168269e-01
1.378000000000000114e+01 9.356310388935797917e-01
1.379000000000000092e+01 9.356310356947753482e-01
1.380000000000000071e+01 9.356312694287939324e-01
1.381000000000000050e+01 9.356317372356546258e-01
1.382000000000000028e+01 9.356324336168388989e-01
1.383000000000000007e+01 9.356333504944795987e-01
1.383999999999999986e+01 9.356344773002281956e-01
1.384999999999999964e+01 9.356358010928909064e-01
1.385999999999999943e+01 9.356373067035868019e-01
1.387000000000000099e+01 9.356389769068701456e-01
1.388000000000000078e+01 9.356407926159119315e-01
1.389000000000000057e+01 9.356427330995957803e-01
1.390000000000000036e+01 9.356447762190827078e-01
1.391000000000000014e+01 9.356468986811798949e-01
1.391999999999999993e+01 9.356490763056289905e-01
1.392999999999999972e+01 9.356512843032596116e-01
1.393999999999999950e+01 9.356534975618160388e-01
1.395000000000000107e+01 9.356556909361458674e-01
1.396000000000000085e+01 9.356578395393873038e-01
1.397000000000000064e+01 9.356599190317559378e-01
1.398000000000000043e+01 9.356619059035458097e-01
1.399000000000000021e+01 9.356637777490115493e-01
1.400000000000000000e+01 9.356655135278862945e-01
1.400999999999999979e+01 9.356670938114283187e-01
1.401999999999999957e+01 9.356685010100405098e-01
1.403000000000000114e+01 9.356697195797336608e-01
1.404000000000000092e+01 9.356707362049189181e-01
1.405000000000000071e+01 9.356715399552916201e-01
1.406000000000000050e+01 9.356721224148693006e-01
1.407000000000000028e+01 9.356724777815642602e-01
1.408000000000000007e+01 9.356726029360038499e-01
1.408999999999999986e+01 9.356724974786813087e-01
1.409999999999999964e+01 9.356721637349054710e-01
1.410999999999999943e+01 9.356716067273525006e-01
1.412000000000000099e+01 9.356708341164700071e-01
1.413000000000000078e+01 9.356698561093266253e-01
1.414000000000000057e+01 9.356686853378813895e-01
1.415000000000000036e+01 9.356673367080484693e-01
1.416000000000000014e+01 9.356658272212632355e-01
1.416999999999999993e+01 9.356641757705957962e-01
1.417999999999999972e+01 9.356624029137872167e-01
1.418999999999999950e+01 9.356605306258661825e-01
1.420000000000000107e+01 9.356585820342565585e-01
1.421000000000000085e+01 9.356565811395283205e-01
1.422000000000000064e+01 9.356545525251142026e-01
1.423000000000000043e+01 9.356525210594784925e-01
1.424000000000000021e+01 9.356505115943218875e-01
1.425000000000000000e+01 9.356485486624898096e-01
1.425999999999999979e+01 9.356466561792446957e-01
1.426999999999999957e+01 9.356448571505688871e-01
1.428000000000000114e+01 9.356431733920760330e-01
1.429000000000000092e+01 9.356416252620078922e-01
1.430000000000000071e+01 9.356402314116291086e-01
1.431000000000000050e+01 9.356390085561469006e-01
1.432000000000000028e+01 9.356379712690372497e-01
1.433000000000000007e+01 9.356371318023791739e-01
1.433999999999999986e+01 9.356364999355069045e-01
1.434999999999999964e+01 9.356360828539421748e-01
1.435999999999999943e+01 9.356358850602024546e-01
1.437000000000000099e+01 9.356359083177018254e-01
1.438000000000000078e+01 9.356361516285383040e-01
1.439000000000000057e+01 9.356366112455754003e-01
1.440000000000000036e+01 9.356372807187732787e-01
1.441000000000000014e+01 9.356381509753073367e-01
1.441999999999999993e+01 9.356392104325907955e-01
1.442999999999999972e+01 9.356404451429053415e-01
1.443999999999999950e+01 9.356418389679183045e-01
1.445000000000000107e+01 9.356433737810309070e-01
1.446000000000000085e+01 9.356450296950711287e-01
1.447000000000000064e+01 9.356467853125896017e-01
1.448000000000000043e+01 9.356486179956623461e-01
1.449000000000000021e+01 9.356505041518667909e-01
1.450000000000000000e+01 9.356524195328761451e-01
1.450999999999999979e+01 9.356543395419285591e-01
1.451999999999999957e+01 9.356562395463200454e-01
1.453000000000000114e+01 9.356580951909521104e-01
1.454000000000000092e+01 9.356598827089595005e-01
1.455000000000000071e+01 9.356615792254683317e-01
1.456000000000000050e+01 9.356631630505534147e-01
1.457000000000000028e+01 9.356646139576560994e-01
1.458000000000000007e+01 9.356659134438159997e-01
1.458999999999999986e+01 9.356670449683524016e-01
1.459999999999999964e+01 9.356679941668349931e-01
1.460999999999999943e+01 9.356687490375252825e-01
1.462000000000000099e+01 9.356693000977875929e-01
1.463000000000000078e+01 9.356696405083572143e-01
1.464000000000000057e+01 9.356697661637485286e-01
1.465000000000000036e+01 9.356696757475188031e-01
1.466000000000000014e+01 9.356693707515529868e-01
1.466999999999999993e+01 9.356688554589949192e-01
1.467999999999999972e+01 9.356681368909171015e-01
1.468999999999999950e+01 9.356672247173086765e-01
1.470000000000000107e+01 9.356661311334023567e-01
1.471000000000000085e+01 9.356648707028429879e-01
1.472000000000000064e+01 9.356634601696252052e-01
1.473000000000000043e+01 9.356619182411449742e-01
1.474000000000000021e+01 9.356602653451130402e-01
1.475000000000000000e+01 9.356585233634183707e-01
1.475999999999999979e+01 9.356567153463443143e-01
1.476999999999999957e+01 9.356548652108447328e-01
1.478000000000000114e+01 9.356529974267623340e-01
1.479000000000000092e+01 9.356511366951060227e-01
1.480000000000000071e+01 9.356493076225869121e-01
1.481000000000000050e+01 9.356475343966890179e-01
1.482000000000000028e+01 9.356458404655920713e-01
1.483000000000000007e+01 9.356442482271714045e-01
1.483999999999999986e+01 9.356427787312439071e-01
1.484999999999999964e+01 9.356414513990496395e-01
1.485999999999999943e+01 9.356402837637498582e-01
1.487000000000000099e+01 9.356392912354615232e-01
1.488000000000000078e+01 9.356384868940486044e-01
1.489000000000000057e+01 9.356378813125127980e-01
1.490000000000000036e+01 9.356374824134569002e-01
1.491000000000000014e+01 9.356372953606372223e-01
1.491999999999999993e+01 9.356373224871824545e-01
1.492999999999999972e+01 9.356375632615629989e-01
1.493999999999999950e+01 9.356380142918877540e-01
1.495000000000000107e+01 9.356386693686069567e-01
1.496000000000000085e+01 9.356395195451676638e-01
1.497000000000000064e+01 9.356405532556695270e-01
1.498000000000000043e+01 9.356417564680556964e-01
1.499000000000000021e+01 9.356431128708924128e-01
1.500000000000000000e+01 9.356446040913233286e-01
1.500999999999999979e+01 9.356462099413563882e-01
1.501999999999999957e+01 9.356479086892464103e-01
1.503000000000000114e+01 9.356496773523720334e-01
1.504000000000000092e+01 9.356514920077000363e-01
1.505000000000000071e+01 9.356533281156931281e-01
1.506000000000000050e+01 9.356551608532708286e-01
1.507000000000000028e+01 9.356569654513525736e-01
1.508000000000000007e+01 9.356587175323520800e-01
1.508999999999999986e+01 9.356603934430576253e-01
1.509999999999999964e+01 9.356619705782917018e-01
1.510999999999999943e+01 9.356634276909163717e-01
1.512000000000000099e+01 9.356647451838725482e-01
1.513000000000000078e+01 9.356659053801937853e-01
1.514000000000000057e+01 9.356668927672016078e-01
1.515000000000000036e+01 9.356676942114484641e-01
1.516000000000000014e+01 9.356682991413279860e-01
1.516999999999999993e+01 9.356686996947561896e-01
1.517999999999999972e+01 9.356688908297285945e-01
1.518999999999999950e+01 9.356688703961337783e-01
1.520000000000000107e+01 9.356686391676732883e-01
1.521000000000000085e+01 9.356682008333262468e-01
1.522000000000000064e+01 9.356675619483257877e-01
1.523000000000000043e+01 9.356667318452133175e-01
1.524000000000000021e+01 9.356657225060397431e-01
1.525000000000000000e+01 9.356645483974048716e-01
1.525999999999999979e+01 9.356632262704649428e-01
1.526999999999999957e+01 9.356617749286246788e-01
1.528000000000000114e+01 9.356602149660224743e-01
1.529000000000000092e+01 9.356585684803957470e-01
1.530000000000000071e+01 9.356568587642468682e-01
1.531000000000000050e+01 9.356551099785962444e-01
1.532000000000000028e+01 9.356533468138257259e-01
1.533000000000000007e+01 9.356515941423783067e-01
1.533999999999999986e+01 9.356498766681521362e-01
1.534999999999999964e+01 9.356482185775552018e-01
1.535999999999999943e+01 9.356466431971489639e-01
1.537000000000000099e+01 9.356451726627625920e-01
1.538000000000000078e+01 9.356438276048050229e-01
1.539000000000000057e+01 9.356426268543051039e-01
1.540000000000000036e+01 9.356415871739285350e-01
1.541000000000000014e+01 9.356407230179121237e-01
1.541999999999999993e+01 9.356400463244037846e-01
1.542999999999999972e+01 9.356395663433280108e-01
1.543999999999999950e+01 9.356392895023402101e-01
1.545000000000000107e+01 9.356392193129297041e-01
1.546000000000000085e+01 9.356393563181707451e-01
1.547000000000000064e+01 9.356396980830041787e-01
1.548000000000000043e+01 9.356402392273458490e-01
1.549000000000000021e+01 9.356409715017043327e-01
1.550000000000000000e+01 9.356418839043535440e-01
1.550999999999999979e+01 9.356429628385221076e-01
1.551999999999999957e+01 9.356441923074686473e-01
1.553000000000000114e+01 9.356455541447411539e-01
1.554000000000000092e+01 9.356470282764109969e-01
1.555000000000000071e+01 9.356485930115796545e-01
1.556000000000000050e+01 9.356502253570316840e-01
1.557000000000000028e+01 9.356519013515287586e-01
1.558000000000000007e+01 9.356535964149390594e-01
1.558999999999999986e+01 9.356552857071461782e-01
1.559999999999999964e+01 9.356569444915174838e-01
1.561000000000000121e+01 9.356585484976259748e-01
1.562000000000000099e+01 9.356600742778818924e-01
1.563000000000000078e+01 9.356614995528269585e-01
1.564000000000000057e+01 9.356628035399512378e-01
1.565000000000000036e+01 9.356639672611316572e-01
1.566000000000000014e+01 9.356649738240805370e-01
1.566999999999999993e+01 9.356658086735456514e-01
1.567999999999999972e+01 9.356664598084301065e-01
1.568999999999999950e+01 9.356669179615136889e-01
1.570000000000000107e+01 9.356671767389480587e-01
1.571000000000000085e+01 9.356672327173330972e-01
1.572000000000000064e+01 9.356670854967715778e-01
1.573000000000000043e+01 9.356667377089620263e-01
1.574000000000000021e+01 9.356661949800499922e-01
1.575000000000000000e+01 9.356654658486448506e-01
1.575999999999999979e+01 9.356645616400662835e-01
1.576999999999999957e+01 9.356634962985702630e-01
1.578000000000000114e+01 9.356622861799167579e-01
1.579000000000000092e+01 9.356609498072724351e-01
1.580000000000000071e+01 9.356595075940036255e-01
1.581000000000000050e+01 9.356579815374149733e-01
1.582000000000000028e+01 9.356563948879766945e-01
1.583000000000000007e+01 9.356547717989419644e-01
1.583999999999999986e+01 9.356531369616142291e-01
1.584999999999999964e+01 9.356515152317258499e-01
1.586000000000000121e+01 9.356499312525835554e-01
1.587000000000000099e+01 9.356484090806899134e-01
1.588000000000000078e+01 9.356469718195515872e-01
1.589000000000000057e+01 9.356456412672765621e-01
1.590000000000000036e+01 9.356444375833862237e-01
1.591000000000000014e+01 9.356433789799898371e-01
1.591999999999999993e+01 9.356424814421259173e-01
1.592999999999999972e+01 9.356417584816475452e-01
1.593999999999999950e+01 9.356412209285268622e-01
1.595000000000000107e+01 9.356408767629148526e-01
1.596000000000000085e+01 9.356407309906484837e-01
1.597000000000000064e+01 9.356407855642694393e-01
1.598000000000000043e+01 9.356410393509146939e-01
1.599000000000000021e+01 9.356414881477136403e-01
1.600000000000000000e+01 9.356421247446040645e-01
1.601000000000000156e+01 9.356429390337468455e-01
1.601999999999999957e+01 9.356439181639764069e-01
1.603000000000000114e+01 9.356450467380422742e-01
1.603999999999999915e+01 9.356463070497077483e-01
1.605000000000000071e+01 9.356476793571347761e-01
1.605999999999999872e+01 9.356491421884237658e-01
1.607000000000000028e+01 9.356506726746317559e-01
1.608000000000000185e+01 9.356522469051778979e-01
1.608999999999999986e+01 9.356538403001298798e-01
1.610000000000000142e+01 9.356554279936263319e-01
1.610999999999999943e+01 9.356569852224503325e-01
1.612000000000000099e+01 9.356584877136951972e-01
1.612999999999999901e+01 9.356599120654318646e-01
1.614000000000000057e+01 9.356612361143779033e-01
1.614999999999999858e+01 9.356624392847643357e-01
1.616000000000000014e+01 9.356635029128316239e-01
1.617000000000000171e+01 9.356644105417971646e-01
1.617999999999999972e+01 9.356651481825348782e-01
1.619000000000000128e+01 9.356657045357608116e-01
1.619999999999999929e+01 9.356660711720992119e-01
1.621000000000000085e+01 9.356662426670477872e-01
1.621999999999999886e+01 9.356662166885945098e-01
1.623000000000000043e+01 9.356659940359323135e-01
1.624000000000000199e+01 9.356655786285391629e-01
1.625000000000000000e+01 9.356649774456309299e-01
1.626000000000000156e+01 9.356642004168327365e-01
1.626999999999999957e+01 9.356632602656453912e-01
1.628000000000000114e+01 9.356621723080901232e-01
1.628999999999999915e+01 9.356609542095959409e-01
1.630000000000000071e+01 9.356596257039183628e-01
1.630999999999999872e+01 9.356582082784639098e-01
1.632000000000000028e+01 9.356567248309661800e-01
1.633000000000000185e+01 9.356551993029543768e-01
1.633999999999999986e+01 9.356536562958147618e-01
1.635000000000000142e+01 9.356521206755826769e-01
1.635999999999999943e+01 9.356506171727881904e-01
1.637000000000000099e+01 9.356491699837907738e-01
1.637999999999999901e+01 9.356478023800489652e-01
1.639000000000000057e+01 9.356465363316505135e-01
1.639999999999999858e+01 9.356453921512338789e-01
1.641000000000000014e+01 9.356443881641338667e-01
1.642000000000000171e+01 9.356435404101771658e-01
1.642999999999999972e+01 9.356428623820478574e-01
1.644000000000000128e+01 9.356423648045961716e-01
1.644999999999999929e+01 9.356420554587959737e-01
1.646000000000000085e+01 9.356419390533514679e-01
1.646999999999999886e+01 9.356420171461860003e-01
1.648000000000000043e+01 9.356422881172472561e-01
1.649000000000000199e+01 9.356427471932230455e-01
1.650000000000000000e+01 9.356433865239233150e-01
1.651000000000000156e+01 9.356441953092222708e-01
1.651999999999999957e+01 9.356451599746387071e-01
1.653000000000000114e+01 9.356462643928068479e-01
1.653999999999999915e+01 9.356474901473498251e-01
1.655000000000000071e+01 9.356488168349158530e-01
1.655999999999999872e+01 9.356502224005404100e-01
1.657000000000000028e+01 9.356516835008642508e-01
1.658000000000000185e+01 9.356531758893326112e-01
1.658999999999999986e+01 9.356546748170245786e-01
1.660000000000000142e+01 9.356561554425505411e-01
1.660999999999999943e+01 9.356575932442295906e-01
1.662000000000000099e+01 9.356589644277117923e-01
1.662999999999999901e+01 9.356602463222537525e-01
1.664000000000000057e+01 9.356614177590105719e-01
1.664999999999999858e+01 9.356624594249803861e-01
1.666000000000000014e+01 9.356633541866239412e-01
1.667000000000000171e+01 9.356640873776486123e-01
1.667999999999999972e+01 9.356646470460313614e-01
1.669000000000000128e+01 9.356650241560164893e-01
1.669999999999999929e+01 9.356652127415653331e-01
1.671000000000000085e+01 9.356652100085037782e-01
1.671999999999999886e+01 9.356650163835220635e-01
1.673000000000000043e+01 9.356646355090193490e-01
1.674000000000000199e+01 9.356640741837052300e-01
1.675000000000000000e+01 9.356633422497977470e-01
1.676000000000000156e+01 9.356624524285777067e-01
1.676999999999999957e+01 9.356614201068694792e-01
1.678000000000000114e+01 9.356602630779795593e-01
1.678999999999999915e+01 9.356590012412983048e-01
1.680000000000000071e+01 9.356576562655504192e-01
1.680999999999999872e+01 9.356562512213287830e-01
1.682000000000000028e+01 9.356548101890560520e-01
1.683000000000000185e+01 9.356533578489822922e-01
1.683999999999999986e+01 9.356519190601831903e-01
1.685000000000000142e+01 9.356505184357043481e-01
1.685999999999999943e+01 9.356491799211197335e-01
1.687000000000000099e+01 9.356479263837452764e-01
1.687999999999999901e+01 9.356467792195825028e-01
1.689000000000000057e+01 9.356457579848059813e-01
1.689999999999999858e+01 9.356448800582074510e-01
1.691000000000000014e+01 9.356441603405175611e-01
1.692000000000000171e+01 9.356436109958929936e-01
1.692999999999999972e+01 9.356432412401685106e-01
1.694000000000000128e+01 9.356430571796879869e-01
1.694999999999999929e+01 9.356430617036424202e-01
1.696000000000000085e+01 9.356432544319615019e-01
1.696999999999999886e+01 9.356436317198271180e-01
1.698000000000000043e+01 9.356441867188980410e-01
1.699000000000000199e+01 9.356449094943662947e-01
1.700000000000000000e+01 9.356457871959605876e-01
1.701000000000000156e+01 9.356468042800931695e-01
1.701999999999999957e+01 9.356479427794172077e-01
1.703000000000000114e+01 9.356491826152276703e-01
1.703999999999999915e+01 9.356505019473662088e-01
1.705000000000000071e+01 9.356518775556145195e-01
1.705999999999999872e+01 9.356532852459831240e-01
1.707000000000000028e+01 9.356547002748125674e-01
1.708000000000000185e+01 9.356560977833195958e-01
1.708999999999999986e+01 9.356574532349265505e-01
1.710000000000000142e+01 9.356587428477107782e-01
1.710999999999999943e+01 9.356599440142988611e-01
1.712000000000000099e+01 9.356610357017709489e-01
1.712999999999999901e+01 9.356619988244275765e-01
1.714000000000000057e+01 9.356628165827491905e-01
1.715000000000000213e+01 9.356634747624317239e-01
1.716000000000000014e+01 9.356639619880757763e-01
1.717000000000000171e+01 9.356642699268910013e-01
1.717999999999999972e+01 9.356643934386420502e-01
1.719000000000000128e+01 9.356643306690154427e-01
1.719999999999999929e+01 9.356640830845686096e-01
1.721000000000000085e+01 9.356636554484789592e-01
1.721999999999999886e+01 9.356630557373478707e-01
1.723000000000000043e+01 9.356622950003796735e-01
1.724000000000000199e+01 9.356613871632983859e-01
1.725000000000000000e+01 9.356603487803523134e-01
1.726000000000000156e+01 9.356591987387130605e-01
1.726999999999999957e+01 9.356579579204511443e-01
1.728000000000000114e+01 9.356566488280341209e-01
1.728999999999999915e+01 9.356552951800212181e-01
1.730000000000000071e+01 9.356539214841173013e-01
1.730999999999999872e+01 9.356525525952759104e-01
1.732000000000000028e+01 9.356512132667592629e-01
1.733000000000000185e+01 9.356499277022886085e-01
1.733999999999999986e+01 9.356487191173821216e-01
1.735000000000000142e+01 9.356476093178692777e-01
1.735999999999999943e+01 9.356466183032879913e-01
1.737000000000000099e+01 9.356457639024358119e-01
1.737999999999999901e+01 9.356450614478091232e-01
1.739000000000000057e+01 9.356445234949570811e-01
1.740000000000000213e+01 9.356441595920125254e-01
1.741000000000000014e+01 9.356439761037381730e-01
1.742000000000000171e+01 9.356439760934579519e-01
1.742999999999999972e+01 9.356441592652127159e-01
1.744000000000000128e+01 9.356445219673457103e-01
1.744999999999999929e+01 9.356450572576471281e-01
1.746000000000000085e+01 9.356457550290223635e-01
1.746999999999999886e+01 9.356466021935494481e-01
1.748000000000000043e+01 9.356475829216994722e-01
1.749000000000000199e+01 9.356486789324737208e-01
1.750000000000000000e+01 9.356498698292358140e-01
1.751000000000000156e+01 9.356511334751868025e-01
1.751999999999999957e+01 9.356524464016303666e-01
1.753000000000000114e+01 9.356537842415818540e-01
1.753999999999999915e+01 9.356551221807484220e-01
1.755000000000000071e+01 9.356564354175674891e-01
1.755999999999999872e+01 9.356576996237799815e-01
1.757000000000000028e+01 9.356588913969842158e-01
1.758000000000000185e+01 9.356599886967179591e-01
1.758999999999999986e+01 9.356609712559015302e-01
1.760000000000000142e+01 9.356618209598820401e-01
1.760999999999999943e+01 9.356625221859342645e-01
1.762000000000000099e+01 9.356630620967247847e-01
1.762999999999999901e+01 9.356634308821493162e-01
1.764000000000000057e+01 9.356636219448342118e-01
1.765000000000000213e+01 9.356636320256904726e-01
1.766000000000000014e+01 9.356634612669626483e-01
1.767000000000000171e+01 9.356631132114453520e-01
1.767999999999999972e+01 9.356625947376645547e-01
1.769000000000000128e+01 9.356619159320950230e-01
1.769999999999999929e+01 9.356610899006295723e-01
1.771000000000000085e+01 9.356601325226939769e-01
1.771999999999999886e+01 9.356590621524993878e-01
1.773000000000000043e+01 9.356578992729331912e-01
1.774000000000000199e+01 9.356566661085241599e-01
1.775000000000000000e+01 9.356553862047005676e-01
1.776000000000000156e+01 9.356540839812503840e-01
1.776999999999999957e+01 9.356527842683898255e-01
1.778000000000000114e+01 9.356515118342466630e-01
1.778999999999999915e+01 9.356502909127211165e-01
1.780000000000000071e+01 9.356491447407484507e-01
1.780999999999999872e+01 9.356480951138315127e-01
1.782000000000000028e+01 9.356471619683858210e-01
1.783000000000000185e+01 9.356463629989886233e-01
1.783999999999999986e+01 9.356457133179509889e-01
1.785000000000000142e+01 9.356452251638793793e-01
1.785999999999999943e+01 9.356449076649577812e-01
1.787000000000000099e+01 9.356447666616546366e-01
1.787999999999999901e+01 9.356448045924508072e-01
1.789000000000000057e+01 9.356450204449461294e-01
1.790000000000000213e+01 9.356454097734903108e-01
1.791000000000000014e+01 9.356459647831829596e-01
1.792000000000000171e+01 9.356466744787779177e-01
1.792999999999999972e+01 9.356475248758342467e-01
1.794000000000000128e+01 9.356484992701418202e-01
1.794999999999999929e+01 9.356495785604084237e-01
1.796000000000000085e+01 9.356507416180338543e-01
1.796999999999999886e+01 9.356519656969412013e-01
1.798000000000000043e+01 9.356532268755943793e-01
1.799000000000000199e+01 9.356545005226578615e-01
