0.000000000000000000e+00 9.999999996428996507e-01
1.000000000000000021e-02 9.999987151864510038e-01
2.000000000000000042e-02 9.999948329016573600e-01
2.999999999999999889e-02 9.999883087801477721e-01
4.000000000000000083e-02 9.999791008392300284e-01
5.000000000000000278e-02 9.999671691340437096e-01
5.999999999999999778e-02 9.999524757658611041e-01
7.000000000000000666e-02 9.999349848865684010e-01
8.000000000000000167e-02 9.999146626993373754e-01
8.999999999999999667e-02 9.998914774555144325e-01
1.000000000000000056e-01 9.998653994477824103e-01
1.100000000000000006e-01 9.998364009996068003e-01
1.199999999999999956e-01 9.998044564510359944e-01
1.300000000000000044e-01 9.997695421408829830e-01
1.400000000000000133e-01 9.997316363853645527e-01
1.499999999999999944e-01 9.996907194532377305e-01
1.600000000000000033e-01 9.996467735375084152e-01
1.700000000000000122e-01 9.995997827237768085e-01
1.799999999999999933e-01 9.995497329552871513e-01
1.900000000000000022e-01 9.994966119947573668e-01
2.000000000000000111e-01 9.994404093830757674e-01
2.099999999999999922e-01 9.993811163949329890e-01
2.200000000000000011e-01 9.993187259914805276e-01
2.300000000000000100e-01 9.992532327701073580e-01
2.399999999999999911e-01 9.991846329114154601e-01
2.500000000000000000e-01 9.991129241234987246e-01
2.600000000000000089e-01 9.990381055836018431e-01
2.700000000000000178e-01 9.989601778772845275e-01
2.800000000000000266e-01 9.988791429351588924e-01
2.899999999999999800e-01 9.987950039673223479e-01
2.999999999999999889e-01 9.987077653955773737e-01
3.099999999999999978e-01 9.986174327835471987e-01
3.200000000000000067e-01 9.985240127647865283e-01
3.300000000000000155e-01 9.984275129689951234e-01
3.400000000000000244e-01 9.983279419464415883e-01
3.500000000000000333e-01 9.982253090906961779e-01
3.599999999999999867e-01 9.981196245597893091e-01
3.699999999999999956e-01 9.980108991958992481e-01
3.800000000000000044e-01 9.978991444436606795e-01
3.900000000000000133e-01 9.977843722672363747e-01
4.000000000000000222e-01 9.976665950662115812e-01
4.100000000000000311e-01 9.975458255904544602e-01
4.199999999999999845e-01 9.974220768540312809e-01
4.299999999999999933e-01 9.972953620482770676e-01
4.400000000000000022e-01 9.971656944541377188e-01
4.500000000000000111e-01 9.970330873538744143e-01
4.600000000000000200e-01 9.968975539422332277e-01
4.700000000000000289e-01 9.967591072371903005e-01
4.799999999999999822e-01 9.966177599903540685e-01
4.899999999999999911e-01 9.964735245971351185e-01
5.000000000000000000e-01 9.963264130067772673e-01
5.100000000000000089e-01 9.961764366323344611e-01
5.200000000000000178e-01 9.960236062606986351e-01
5.300000000000000266e-01 9.958679319627642412e-01
5.400000000000000355e-01 9.957094230038151528e-01
5.500000000000000444e-01 9.955480877542245421e-01
5.600000000000000533e-01 9.953839336005583238e-01
5.700000000000000622e-01 9.952169668571548833e-01
5.799999999999999600e-01 9.950471926782705756e-01
5.899999999999999689e-01 9.948746149708760367e-01
5.999999999999999778e-01 9.946992363081661459e-01
6.099999999999999867e-01 9.945210578438771210e-01
6.199999999999999956e-01 9.943400792274753597e-01
6.300000000000000044e-01 9.941562985202989644e-01
6.400000000000000133e-01 9.939697121127148982e-01
6.500000000000000222e-01 9.937803146423663803e-01
6.600000000000000311e-01 9.935880989135817964e-01
6.700000000000000400e-01 9.933930558180100734e-01
6.800000000000000488e-01 9.931951742565451324e-01
6.900000000000000577e-01 9.929944410626041496e-01
7.000000000000000666e-01 9.927908409268335621e-01
7.099999999999999645e-01 9.925843563232868982e-01
7.199999999999999734e-01 9.923749674371497020e-01
7.299999999999999822e-01 9.921626520940652894e-01
7.399999999999999911e-01 9.919473856911231735e-01
7.500000000000000000e-01 9.917291411295702241e-01
7.600000000000000089e-01 9.915078887492921877e-01
7.700000000000000178e-01 9.912835962651400656e-01
7.800000000000000266e-01 9.910562287051495334e-01
7.900000000000000355e-01 9.908257483507032504e-01
8.000000000000000444e-01 9.905921146787138865e-01
8.100000000000000533e-01 9.903552843058635036e-01
8.200000000000000622e-01 9.901152109349725672e-01
8.300000000000000711e-01 9.898718453035499909e-01
8.399999999999999689e-01 9.896251351345863867e-01
8.499999999999999778e-01 9.893750250896444776e-01
8.599999999999999867e-01 9.891214567243215017e-01
8.699999999999999956e-01 9.888643684461293493e-01
8.800000000000000044e-01 9.886036954748669281e-01
8.900000000000000133e-01 9.883393698055441545e-01
9.000000000000000222e-01 9.880713201739304008e-01
9.100000000000000311e-01 9.877994720247892380e-01
9.200000000000000400e-01 9.875237474828786333e-01
9.300000000000000488e-01 9.872440653267749999e-01
9.400000000000000577e-01 9.869603409656184656e-01
9.500000000000000666e-01 9.866724864188349819e-01
9.599999999999999645e-01 9.863804102989306433e-01
9.699999999999999734e-01 9.860840177974362630e-01
9.799999999999999822e-01 9.857832106740855860e-01
9.899999999999999911e-01 9.854778872493283881e-01
1.000000000000000000e+00 9.851679424002547369e-01
1.010000000000000009e+00 9.848532675600415454e-01
1.020000000000000018e+00 9.845337507210112360e-01
1.030000000000000027e+00 9.842092764414110961e-01
1.040000000000000036e+00 9.838797258560192383e-01
1.050000000000000044e+00 9.835449766906877445e-01
1.060000000000000053e+00 9.832049032809353495e-01
1.070000000000000062e+00 9.828593765947097882e-01
1.080000000000000071e+00 9.825082642594497040e-01
1.090000000000000080e+00 9.821514305935531430e-01
1.100000000000000089e+00 9.817887366424032924e-01
1.110000000000000098e+00 9.814200402190719208e-01
1.120000000000000107e+00 9.810451959498456276e-01
1.130000000000000115e+00 9.806640553247093495e-01
1.140000000000000124e+00 9.802764667529337839e-01
1.150000000000000133e+00 9.798822756239214948e-01
1.159999999999999920e+00 9.794813243734488140e-01
1.169999999999999929e+00 9.790734525554721790e-01
1.179999999999999938e+00 9.786584969196423511e-01
1.189999999999999947e+00 9.782362914946934884e-01
1.199999999999999956e+00 9.778066676778671695e-01
1.209999999999999964e+00 9.773694543305260218e-01
1.219999999999999973e+00 9.769244778801305928e-01
1.229999999999999982e+00 9.764715624287351181e-01
1.239999999999999991e+00 9.760105298681722719e-01
1.250000000000000000e+00 9.755412000020813323e-01
1.260000000000000009e+00 9.750633906749553992e-01
1.270000000000000018e+00 9.745769179083524358e-01
1.280000000000000027e+00 9.740815960444431099e-01
1.290000000000000036e+00 9.735772378970377616e-01
1.300000000000000044e+00 9.730636549102466004e-01
1.310000000000000053e+00 9.725406573249201214e-01
1.320000000000000062e+00 9.720080543530070782e-01
1.330000000000000071e+00 9.714656543599586858e-01
1.340000000000000080e+00 9.709132650553033983e-01
1.350000000000000089e+00 9.703506936915073933e-01
1.360000000000000098e+00 9.697777472712197921e-01
1.370000000000000107e+00 9.691942327630009846e-01
1.380000000000000115e+00 9.685999573255925643e-01
1.390000000000000124e+00 9.679947285408186941e-01
1.400000000000000133e+00 9.673783546551394386e-01
1.409999999999999920e+00 9.667506448298992527e-01
1.419999999999999929e+00 9.661114094002742902e-01
1.429999999999999938e+00 9.654604601429140898e-01
1.439999999999999947e+00 9.647976105522241275e-01
1.449999999999999956e+00 9.641226761252604804e-01
1.459999999999999964e+00 9.634354746551326842e-01
1.469999999999999973e+00 9.627358265328017639e-01
1.479999999999999982e+00 9.620235550571546446e-01
1.489999999999999991e+00 9.612984867531618738e-01
1.500000000000000000e+00 9.605604516979341367e-01
1.510000000000000009e+00 9.598092838544273198e-01
1.520000000000000018e+00 9.590448214125413262e-01
1.530000000000000027e+00 9.582669071372975633e-01
1.540000000000000036e+00 9.574753887237407168e-01
1.550000000000000044e+00 9.566701191582055452e-01
1.560000000000000053e+00 9.558509570854956117e-01
1.570000000000000062e+00 9.550177671815347491e-01
1.580000000000000071e+00 9.541704205309612385e-01
1.590000000000000080e+00 9.533087950091292395e-01
1.600000000000000089e+00 9.524327756679168422e-01
1.610000000000000098e+00 9.515422551247005867e-01
1.620000000000000107e+00 9.506371339538156606e-01
1.630000000000000115e+00 9.497173210797777987e-01
1.640000000000000124e+00 9.487827341714879514e-01
1.650000000000000133e+00 9.478333000366140348e-01
1.660000000000000142e+00 9.468689550152850076e-01
1.669999999999999929e+00 9.458896453722018816e-01
1.679999999999999938e+00 9.448953276862258610e-01
1.689999999999999947e+00 9.438859692364665044e-01
1.699999999999999956e+00 9.428615483838526101e-01
1.709999999999999964e+00 9.418220549471347791e-01
1.719999999999999973e+00 9.407674905722474001e-01
1.729999999999999982e+00 9.396978690939070678e-01
1.739999999999999991e+00 9.386132168883203342e-01
1.750000000000000000e+00 9.375135732158381696e-01
1.760000000000000009e+00 9.363989905523855128e-01
1.770000000000000018e+00 9.352695349084656495e-01
1.780000000000000027e+00 9.341252861345510361e-01
1.790000000000000036e+00 9.329663382116459847e-01
1.800000000000000044e+00 9.317927995258197260e-01
1.810000000000000053e+00 9.306047931255163608e-01
1.820000000000000062e+00 9.294024569604413255e-01
1.830000000000000071e+00 9.281859441008667444e-01
1.840000000000000080e+00 9.269554229361994802e-01
1.850000000000000089e+00 9.257110773516938895e-01
1.860000000000000098e+00 9.244531068822295916e-01
1.870000000000000107e+00 9.231817268421029787e-01
1.880000000000000115e+00 9.218971684298503666e-01
1.890000000000000124e+00 9.205996788071423298e-01
1.900000000000000133e+00 9.192895211508912423e-01
1.910000000000000142e+00 9.179669746777281425e-01
1.919999999999999929e+00 9.166323346401422656e-01
1.929999999999999938e+00 9.152859122935601555e-01
1.939999999999999947e+00 9.139280348338456594e-01
1.949999999999999956e+00 9.125590453046774631e-01
1.959999999999999964e+00 9.111793024744087033e-01
1.969999999999999973e+00 9.097891806821154503e-01
1.979999999999999982e+00 9.083890696526081276e-01
1.989999999999999991e+00 9.069793742803184955e-01
2.000000000000000000e+00 9.055605143820404379e-01
2.010000000000000231e+00 9.041329244186665504e-01
2.020000000000000018e+00 9.026970531861129299e-01
2.030000000000000249e+00 9.012533634757767809e-01
2.040000000000000036e+00 8.998023317049708147e-01
2.049999999999999822e+00 8.983444475178855582e-01
2.060000000000000053e+00 8.968802133577387092e-01
2.069999999999999840e+00 8.954101440108944709e-01
2.080000000000000071e+00 8.939347661238207232e-01
2.089999999999999858e+00 8.924546176938742414e-01
2.100000000000000089e+00 8.909702475349935424e-01
2.109999999999999876e+00 8.894822147194473283e-01
2.120000000000000107e+00 8.879910879969662441e-01
2.129999999999999893e+00 8.864974451925445864e-01
2.140000000000000124e+00 8.850018725843695755e-01
2.149999999999999911e+00 8.835049642633846512e-01
2.160000000000000142e+00 8.820073214760388858e-01
2.169999999999999929e+00 8.805095519518555403e-01
2.180000000000000160e+00 8.790122692174925367e-01
2.189999999999999947e+00 8.775160918990123626e-01
2.200000000000000178e+00 8.760216430141147814e-01
2.209999999999999964e+00 8.745295492561033779e-01
2.220000000000000195e+00 8.730404402713939360e-01
2.229999999999999982e+00 8.715549479323584370e-01
2.240000000000000213e+00 8.700737056073114539e-01
2.250000000000000000e+00 8.685973474294472751e-01
2.260000000000000231e+00 8.671265075664974509e-01
2.270000000000000018e+00 8.656618194928867860e-01
2.280000000000000249e+00 8.642039152660717649e-01
2.290000000000000036e+00 8.627534248088429836e-01
2.300000000000000266e+00 8.613109751991040453e-01
2.310000000000000053e+00 8.598771899688602005e-01
2.319999999999999840e+00 8.584526884138422576e-01
2.330000000000000071e+00 8.570380849153036440e-01
2.339999999999999858e+00 8.556339882753409842e-01
2.350000000000000089e+00 8.542410010671374065e-01
2.359999999999999876e+00 8.528597190012876528e-01
2.370000000000000107e+00 8.514907303094666480e-01
2.379999999999999893e+00 8.501346151464622691e-01
2.390000000000000124e+00 8.487919450116012676e-01
2.399999999999999911e+00 8.474632821904725111e-01
2.410000000000000142e+00 8.461491792177758819e-01
2.419999999999999929e+00 8.448501783620140371e-01
2.430000000000000160e+00 8.435668111326840579e-01
2.439999999999999947e+00 8.422995978105076720e-01
2.450000000000000178e+00 8.410490470011705577e-01
2.459999999999999964e+00 8.398156552129384389e-01
2.470000000000000195e+00 8.385999064584324092e-01
2.479999999999999982e+00 8.374022718807837551e-01
2.490000000000000213e+00 8.362232094042660879e-01
2.500000000000000000e+00 8.350631634094608513e-01
2.510000000000000231e+00 8.339225644329228970e-01
2.520000000000000018e+00 8.328018288912270028e-01
2.530000000000000249e+00 8.317013588292317960e-01
2.540000000000000036e+00 8.306215416923126149e-01
2.550000000000000266e+00 8.295627501222658795e-01
2.560000000000000053e+00 8.285253417765167105e-01
2.569999999999999840e+00 8.275096591702306714e-01
2.580000000000000071e+00 8.265160295408484625e-01
2.589999999999999858e+00 8.255447647345613982e-01
2.600000000000000089e+00 8.245961611141560121e-01
2.609999999999999876e+00 8.236704994876681285e-01
2.620000000000000107e+00 8.227680450572102400e-01
2.629999999999999893e+00 8.218890473873459168e-01
2.640000000000000124e+00 8.210337403923364530e-01
2.649999999999999911e+00 8.202023423415856218e-01
2.660000000000000142e+00 8.193950558825450203e-01
2.669999999999999929e+00 8.186120680804193084e-01
2.680000000000000160e+00 8.178535504739009587e-01
2.689999999999999947e+00 8.171196591462213110e-01
2.700000000000000178e+00 8.164105348107919546e-01
2.709999999999999964e+00 8.157263029106914809e-01
2.720000000000000195e+00 8.150670737312755154e-01
2.729999999999999982e+00 8.144329425251830568e-01
2.740000000000000213e+00 8.138239896490259140e-01
2.750000000000000000e+00 8.132402807110493681e-01
2.760000000000000231e+00 8.126818667290828246e-01
2.770000000000000018e+00 8.121487842980773530e-01
2.780000000000000249e+00 8.116410557665983960e-01
2.790000000000000036e+00 8.111586894215920829e-01
2.800000000000000266e+00 8.107016796808219627e-01
2.810000000000000053e+00 8.102700072923508801e-01
2.819999999999999840e+00 8.098636395404853472e-01
2.830000000000000071e+00 8.094825304576127589e-01
2.839999999999999858e+00 8.091266210413805560e-01
2.850000000000000089e+00 8.087958394767013059e-01
2.859999999999999876e+00 8.084901013620664489e-01
2.870000000000000107e+00 8.082093099397090752e-01
2.879999999999999893e+00 8.079533563291406706e-01
2.890000000000000124e+00 8.077221197636411665e-01
2.899999999999999911e+00 8.075154678292785215e-01
2.910000000000000142e+00 8.073332567060909071e-01
2.919999999999999929e+00 8.071753314110369226e-01
2.930000000000000160e+00 8.070415260423986492e-01
2.939999999999999947e+00 8.069316640252970352e-01
2.950000000000000178e+00 8.068455583580259605e-01
2.959999999999999964e+00 8.067830118589242039e-01
2.970000000000000195e+00 8.067438174135302953e-01
2.979999999999999982e+00 8.067277582217734500e-01
2.990000000000000213e+00 8.067346080449836476e-01
3.000000000000000000e+00 8.067641314525216822e-01
3.010000000000000231e+00 8.068160840678373358e-01
3.020000000000000018e+00 8.068902128138013552e-01
3.030000000000000249e+00 8.069862561571427007e-01
3.040000000000000036e+00 8.071039443518738254e-01
3.050000000000000266e+00 8.072429996815720932e-01
3.060000000000000053e+00 8.074031367004204096e-01
3.070000000000000284e+00 8.075840624728998218e-01
3.080000000000000071e+00 8.077854768120772411e-01
3.089999999999999858e+00 8.080070725164046896e-01
3.100000000000000089e+00 8.082485356049724512e-01
3.109999999999999876e+00 8.085095455511903673e-01
3.120000000000000107e+00 8.087897755148386603e-01
3.129999999999999893e+00 8.090888925724767367e-01
3.140000000000000124e+00 8.094065579461947602e-01
3.149999999999999911e+00 8.097424272306886772e-01
3.160000000000000142e+00 8.100961506186685757e-01
3.169999999999999929e+00 8.104673731245992663e-01
3.180000000000000160e+00 8.108557348067866322e-01
3.189999999999999947e+00 8.112608709878331714e-01
3.200000000000000178e+00 8.116824124734752788e-01
3.209999999999999964e+00 8.121199857698370161e-01
3.220000000000000195e+00 8.125732132991323464e-01
3.229999999999999982e+00 8.130417136138474721e-01
3.240000000000000213e+00 8.135251016094430243e-01
3.250000000000000000e+00 8.140229887356194016e-01
3.260000000000000231e+00 8.145349832061834494e-01
3.270000000000000018e+00 8.150606902075629989e-01
3.280000000000000249e+00 8.155997121060236665e-01
3.290000000000000036e+00 8.161516486536157799e-01
3.300000000000000266e+00 8.167160971929263713e-01
3.310000000000000053e+00 8.172926528606498930e-01
3.320000000000000284e+00 8.178809087900617003e-01
3.330000000000000071e+00 8.184804563124078447e-01
3.339999999999999858e+00 8.190908851572802352e-01
3.350000000000000089e+00 8.197117836520175782e-01
3.359999999999999876e+00 8.203427389201518594e-01
3.370000000000000107e+00 8.209833370789921814e-01
3.379999999999999893e+00 8.216331634363174263e-01
3.390000000000000124e+00 8.222918026862886531e-01
3.399999999999999911e+00 8.229588391045401519e-01
3.410000000000000142e+00 8.236338567425546264e-01
3.419999999999999929e+00 8.243164396212859790e-01
3.430000000000000160e+00 8.250061719240882052e-01
3.439999999999999947e+00 8.257026381889884803e-01
3.450000000000000178e+00 8.264054235002656901e-01
3.459999999999999964e+00 8.271141136794074589e-01
3.470000000000000195e+00 8.278282954754226930e-01
3.479999999999999982e+00 8.285475567545207420e-01
3.490000000000000213e+00 8.292714866891653935e-01
3.500000000000000000e+00 8.299996759464924878e-01
3.510000000000000231e+00 8.307317168760882664e-01
3.520000000000000018e+00 8.314672036971189062e-01
3.530000000000000249e+00 8.322057326847743797e-01
3.540000000000000036e+00 8.329469023560481800e-01
3.550000000000000266e+00 8.336903136547690885e-01
3.560000000000000053e+00 8.344355701358957544e-01
3.570000000000000284e+00 8.351822781490253478e-01
3.580000000000000071e+00 8.359300470210678791e-01
3.589999999999999858e+00 8.366784892380393357e-01
3.600000000000000089e+00 8.374272206259359974e-01
3.609999999999999876e+00 8.381758605306158794e-01
3.620000000000000107e+00 8.389240319966295711e-01
3.629999999999999893e+00 8.396713619449384103e-01
3.640000000000000124e+00 8.404174813494456053e-01
3.649999999999999911e+00 8.411620254122625928e-01
3.660000000000000142e+00 8.419046337376154820e-01
3.669999999999999929e+00 8.426449505043391852e-01
3.680000000000000160e+00 8.433826246368192336e-01
3.689999999999999947e+00 8.441173099743375374e-01
3.700000000000000178e+00 8.448486654386681005e-01
3.709999999999999964e+00 8.455763551998651817e-01
3.720000000000000195e+00 8.463000488401033472e-01
3.729999999999999982e+00 8.470194215154627226e-01
3.740000000000000213e+00 8.477341541155544169e-01
3.750000000000000000e+00 8.484439334208446759e-01
3.760000000000000231e+00 8.491484522575706295e-01
3.770000000000000018e+00 8.498474096501044128e-01
3.780000000000000249e+00 8.505405109706438704e-01
3.790000000000000036e+00 8.512274680860927312e-01
3.800000000000000266e+00 8.519079995019833706e-01
3.810000000000000053e+00 8.525818305033227018e-01
3.820000000000000284e+00 8.532486932921865552e-01
3.830000000000000071e+00 8.539083271219558569e-01
3.839999999999999858e+00 8.545604784280017574e-01
3.850000000000000089e+00 8.552049009547210145e-01
3.859999999999999876e+00 8.558413558787225650e-01
3.870000000000000107e+00 8.564696119280561515e-01
3.879999999999999893e+00 8.570894454972919352e-01
3.890000000000000124e+00 8.577006407583354086e-01
3.899999999999999911e+00 8.583029897667796559e-01
3.910000000000000142e+00 8.588962925636909329e-01
3.919999999999999929e+00 8.594803572726295027e-01
3.930000000000000160e+00 8.600550001917747212e-01
3.939999999999999947e+00 8.606200458810064902e-01
3.950000000000000178e+00 8.611753272437625562e-01
3.959999999999999964e+00 8.617206856035581897e-01
3.970000000000000195e+00 8.622559707749881674e-01
3.979999999999999982e+00 8.627810411290860459e-01
3.990000000000000213e+00 8.632957636528749701e-01
4.000000000000000000e+00 8.638000140029826746e-01
4.009999999999999787e+00 8.642936765531836762e-01
4.020000000000000462e+00 8.647766444357100069e-01
4.030000000000000249e+00 8.652488195762217948e-01
4.040000000000000036e+00 8.657101127222925907e-01
4.049999999999999822e+00 8.661604434652940832e-01
4.060000000000000497e+00 8.665997402555479789e-01
4.070000000000000284e+00 8.670279404106358001e-01
4.080000000000000071e+00 8.674449901167555765e-01
4.089999999999999858e+00 8.678508444230162988e-01
4.099999999999999645e+00 8.682454672285684349e-01
4.110000000000000320e+00 8.686288312624791397e-01
4.120000000000000107e+00 8.690009180562638935e-01
4.129999999999999893e+00 8.693617179089856428e-01
4.139999999999999680e+00 8.697112298448566037e-01
4.150000000000000355e+00 8.700494615632734519e-01
4.160000000000000142e+00 8.703764293812115138e-01
4.169999999999999929e+00 8.706921581679478717e-01
4.179999999999999716e+00 8.709966812720518758e-01
4.190000000000000391e+00 8.712900404406146437e-01
4.200000000000000178e+00 8.715722857306911209e-01
4.209999999999999964e+00 8.718434754129302799e-01
4.219999999999999751e+00 8.721036758673949008e-01
4.230000000000000426e+00 8.723529614715627156e-01
4.240000000000000213e+00 8.725914144805263506e-01
4.250000000000000000e+00 8.728191248994049412e-01
4.259999999999999787e+00 8.730361903480133856e-01
4.270000000000000462e+00 8.732427159178161036e-01
4.280000000000000249e+00 8.734388140212273610e-01
4.290000000000000036e+00 8.736246042333227768e-01
4.299999999999999822e+00 8.738002131260348415e-01
4.310000000000000497e+00 8.739657740949210440e-01
4.320000000000000284e+00 8.741214271786084122e-01
4.330000000000000071e+00 8.742673188710211596e-01
4.339999999999999858e+00 8.744036019265167825e-01
4.350000000000000533e+00 8.745304351580749369e-01
4.360000000000000320e+00 8.746479832286740974e-01
4.370000000000000107e+00 8.747564164360321914e-01
4.379999999999999893e+00 8.748559104908834039e-01
4.389999999999999680e+00 8.749466462889690099e-01
4.400000000000000355e+00 8.750288096769575086e-01
4.410000000000000142e+00 8.751025912125058870e-01
4.419999999999999929e+00 8.751681859186806189e-01
4.429999999999999716e+00 8.752257930329908620e-01
4.440000000000000391e+00 8.752756157512818769e-01
4.450000000000000178e+00 8.753178609667568999e-01
4.459999999999999964e+00 8.753527390044140155e-01
4.469999999999999751e+00 8.753804633511809152e-01
4.480000000000000426e+00 8.754012503820611801e-01
4.490000000000000213e+00 8.754153190826161612e-01
4.500000000000000000e+00 8.754228907680977612e-01
4.509999999999999787e+00 8.754241887995987126e-01
4.520000000000000462e+00 8.754194382975539757e-01
4.530000000000000249e+00 8.754088658529748379e-01
4.540000000000000036e+00 8.753926992367980775e-01
4.549999999999999822e+00 8.753711671077181178e-01
4.560000000000000497e+00 8.753444987189324955e-01
4.570000000000000284e+00 8.753129236241870004e-01
4.580000000000000071e+00 8.752766713835550272e-01
4.589999999999999858e+00 8.752359712693691396e-01
4.600000000000000533e+00 8.751910519727543747e-01
4.610000000000000320e+00 8.751421413111974967e-01
4.620000000000000107e+00 8.750894659376081686e-01
4.629999999999999893e+00 8.750332510513362250e-01
4.639999999999999680e+00 8.749737201115934671e-01
4.650000000000000355e+00 8.749110945537713624e-01
4.660000000000000142e+00 8.748455935091049573e-01
4.669999999999999929e+00 8.747774335281739422e-01
4.679999999999999716e+00 8.747068283087130469e-01
4.690000000000000391e+00 8.746339884282081645e-01
4.700000000000000178e+00 8.745591210817622585e-01
4.709999999999999964e+00 8.744824298257120043e-01
4.719999999999999751e+00 8.744041143274572381e-01
4.730000000000000426e+00 8.743243701219953756e-01
4.740000000000000213e+00 8.742433883756165480e-01
4.750000000000000000e+00 8.741613556572314092e-01
4.759999999999999787e+00 8.740784537177831437e-01
4.770000000000000462e+00 8.739948592781939807e-01
4.780000000000000249e+00 8.739107438263007399e-01
4.790000000000000036e+00 8.738262734231860840e-01
4.799999999999999822e+00 8.737416085193512316e-01
4.810000000000000497e+00 8.736569037811173777e-01
4.820000000000000284e+00 8.735723079276631609e-01
4.830000000000000071e+00 8.734879635790707697e-01
4.839999999999999858e+00 8.734040071157466167e-01
4.850000000000000533e+00 8.733205685495554205e-01
4.860000000000000320e+00 8.732377714070082009e-01
4.870000000000000107e+00 8.731557326247967321e-01
4.879999999999999893e+00 8.730745624579693276e-01
4.889999999999999680e+00 8.729943644010107473e-01
4.900000000000000355e+00 8.729152351220652584e-01
4.910000000000000142e+00 8.728372644105268918e-01
4.919999999999999929e+00 8.727605351381759746e-01
4.929999999999999716e+00 8.726851232340380182e-01
4.940000000000000391e+00 8.726110976731047408e-01
4.950000000000000178e+00 8.725385204790152560e-01
4.959999999999999964e+00 8.724674467407909084e-01
4.969999999999999751e+00 8.723979246436673884e-01
4.980000000000000426e+00 8.723299955140558781e-01
4.990000000000000213e+00 8.722636938786034744e-01
5.000000000000000000e+00 8.721990475373363472e-01
5.009999999999999787e+00 8.721360776507878221e-01
5.020000000000000462e+00 8.720747988410250118e-01
5.030000000000000249e+00 8.720152193064193424e-01
5.040000000000000036e+00 8.719573409499926653e-01
5.049999999999999822e+00 8.719011595211403343e-01
5.060000000000000497e+00 8.718466647704800065e-01
5.070000000000000284e+00 8.717938406175523847e-01
5.080000000000000071e+00 8.717426653310841322e-01
5.089999999999999858e+00 8.716931117214475888e-01
5.100000000000000533e+00 8.716451473449611242e-01
5.110000000000000320e+00 8.715987347196207935e-01
5.120000000000000107e+00 8.715538315518187584e-01
5.129999999999999893e+00 8.715103909735802956e-01
5.139999999999999680e+00 8.714683617898235646e-01
5.150000000000000355e+00 8.714276887351066758e-01
5.160000000000000142e+00 8.713883127392944017e-01
5.169999999999999929e+00 8.713501712015673251e-01
5.179999999999999716e+00 8.713131982721431523e-01
5.190000000000000391e+00 8.712773251410810271e-01
5.200000000000000178e+00 8.712424803334819501e-01
5.209999999999999964e+00 8.712085900104067360e-01
5.219999999999999751e+00 8.711755782747957477e-01
5.230000000000000426e+00 8.711433674816430051e-01
5.240000000000000213e+00 8.711118785516807073e-01
5.250000000000000000e+00 8.710810312877974582e-01
5.259999999999999787e+00 8.710507446933976050e-01
5.270000000000000462e+00 8.710209372919021087e-01
5.280000000000000249e+00 8.709915274465758195e-01
5.290000000000000036e+00 8.709624336798498234e-01
5.299999999999999822e+00 8.709335749913127422e-01
5.310000000000000497e+00 8.709048711735187798e-01
5.320000000000000284e+00 8.708762431247816238e-01
5.330000000000000071e+00 8.708476131580920043e-01
5.339999999999999858e+00 8.708189053053299045e-01
5.350000000000000533e+00 8.707900456159057834e-01
5.360000000000000320e+00 8.707609624490106892e-01
5.370000000000000107e+00 8.707315867586333802e-01
5.379999999999999893e+00 8.707018523705184476e-01
5.389999999999999680e+00 8.706716962502615287e-01
5.400000000000000355e+00 8.706410587617404717e-01
5.410000000000000142e+00 8.706098839150980817e-01
5.419999999999999929e+00 8.705781196035208280e-01
5.429999999999999716e+00 8.705457178280683328e-01
5.440000000000000391e+00 8.705126349098353256e-01
5.450000000000000178e+00 8.704788316887536181e-01
5.459999999999999964e+00 8.704442737083785131e-01
5.469999999999999751e+00 8.704089313860138288e-01
5.480000000000000426e+00 8.703727801675793518e-01
5.490000000000000213e+00 8.703358006666622737e-01
5.500000000000000000e+00 8.702979787872070494e-01
5.509999999999999787e+00 8.702593058293702777e-01
5.520000000000000462e+00 8.702197785780808603e-01
5.530000000000000249e+00 8.701793993738932143e-01
5.540000000000000036e+00 8.701381761657923652e-01
5.549999999999999822e+00 8.700961225456078640e-01
5.560000000000000497e+00 8.700532577637886122e-01
5.570000000000000284e+00 8.700096067263127786e-01
5.580000000000000071e+00 8.699651999725663831e-01
5.589999999999999858e+00 8.699200736340702012e-01
5.600000000000000533e+00 8.698742693740092458e-01
5.610000000000000320e+00 8.698278343075401819e-01
5.620000000000000107e+00 8.697808209029337378e-01
5.629999999999999893e+00 8.697332868636604708e-01
5.639999999999999680e+00 8.696852949915797604e-01
5.650000000000000355e+00 8.696369130314489659e-01
5.660000000000000142e+00 8.695882134970390753e-01
5.669999999999999929e+00 8.695392734791872469e-01
5.679999999999999716e+00 8.694901744361871465e-01
5.690000000000000391e+00 8.694410019669640555e-01
5.700000000000000178e+00 8.693918455675551105e-01
5.709999999999999964e+00 8.693427983714550056e-01
5.719999999999999751e+00 8.692939568744663115e-01
5.730000000000000426e+00 8.692454206447211007e-01
5.740000000000000213e+00 8.691972920186288309e-01
5.750000000000000000e+00 8.691496757835259768e-01
5.759999999999999787e+00 8.691026788478907195e-01
5.770000000000000462e+00 8.690564098999968845e-01
5.780000000000000249e+00 8.690109790559777947e-01
5.790000000000000036e+00 8.689664974982672652e-01
5.799999999999999822e+00 8.689230771054772262e-01
5.810000000000000497e+00 8.688808300747786761e-01
5.820000000000000284e+00 8.688398685379135067e-01
5.830000000000000071e+00 8.688003041720029351e-01
5.839999999999999858e+00 8.687622478063302678e-01
5.850000000000000533e+00 8.687258090263432209e-01
5.860000000000000320e+00 8.686910957761169172e-01
5.870000000000000107e+00 8.686582139605638631e-01
5.879999999999999893e+00 8.686272670486934189e-01
5.889999999999999680e+00 8.685983556792373772e-01
5.900000000000000355e+00 8.685715772699752479e-01
5.910000000000000142e+00 8.685470256321065063e-01
5.919999999999999929e+00 8.685247905910136179e-01
5.929999999999999716e+00 8.685049576147764183e-01
5.940000000000000391e+00 8.684876074517731137e-01
5.950000000000000178e+00 8.684728157787179326e-01
5.959999999999999964e+00 8.684606528604649212e-01
5.969999999999999751e+00 8.684511832228820616e-01
5.980000000000000426e+00 8.684444653400968939e-01
5.990000000000000213e+00 8.684405513373668617e-01
6.000000000000000000e+00 8.684394867108222726e-01
6.009999999999999787e+00 8.684413100652681461e-01
6.020000000000000462e+00 8.684460528712072414e-01
6.030000000000000249e+00 8.684537392422002622e-01
6.040000000000000036e+00 8.684643857336185047e-01
6.049999999999999822e+00 8.684780011638049135e-01
6.060000000000000497e+00 8.684945864585836839e-01
6.070000000000000284e+00 8.685141345200098062e-01
6.080000000000000071e+00 8.685366301201713490e-01
6.089999999999999858e+00 8.685620498207911044e-01
6.100000000000000533e+00 8.685903619192903991e-01
6.110000000000000320e+00 8.686215264219065979e-01
6.120000000000000107e+00 8.686554950443674539e-01
6.129999999999999893e+00 8.686922112405293106e-01
6.140000000000000568e+00 8.687316102593144462e-01
6.150000000000000355e+00 8.687736192301697136e-01
6.160000000000000142e+00 8.688181572771800365e-01
6.169999999999999929e+00 8.688651356618758426e-01
6.179999999999999716e+00 8.689144579546621561e-01
6.190000000000000391e+00 8.689660202346981555e-01
6.200000000000000178e+00 8.690197113179590760e-01
6.209999999999999964e+00 8.690754130130923238e-01
6.219999999999999751e+00 8.691330004045848545e-01
6.230000000000000426e+00 8.691923421626478463e-01
6.240000000000000213e+00 8.692533008791134552e-01
6.250000000000000000e+00 8.693157334285503968e-01
6.259999999999999787e+00 8.693794913536675439e-01
6.270000000000000462e+00 8.694444212740063405e-01
6.280000000000000249e+00 8.695103653167985946e-01
6.290000000000000036e+00 8.695771615687692968e-01
6.299999999999999822e+00 8.696446445475742859e-01
6.310000000000000497e+00 8.697126456914591186e-01
6.320000000000000284e+00 8.697809938656470008e-01
6.330000000000000071e+00 8.698495158838608354e-01
6.339999999999999858e+00 8.699180370433164944e-01
6.350000000000000533e+00 8.699863816714379361e-01
6.360000000000000320e+00 8.700543736824769558e-01
6.370000000000000107e+00 8.701218371421575171e-01
6.379999999999999893e+00 8.701885968383868963e-01
6.390000000000000568e+00 8.702544788560464539e-01
6.400000000000000355e+00 8.703193111538098936e-01
6.410000000000000142e+00 8.703829241408937989e-01
6.419999999999999929e+00 8.704451512516342415e-01
6.429999999999999716e+00 8.705058295157320769e-01
6.440000000000000391e+00 8.705648001220034349e-01
6.450000000000000178e+00 8.706219089734734684e-01
6.459999999999999964e+00 8.706770072316217801e-01
6.469999999999999751e+00 8.707299518476333544e-01
6.480000000000000426e+00 8.707806060784882840e-01
6.490000000000000213e+00 8.708288399857780915e-01
6.500000000000000000e+00 8.708745309151527669e-01
6.509999999999999787e+00 8.709175639543509373e-01
6.520000000000000462e+00 8.709578323678257572e-01
6.530000000000000249e+00 8.709952380060214105e-01
6.540000000000000036e+00 8.710296916874479267e-01
6.549999999999999822e+00 8.710611135517567494e-01
6.560000000000000497e+00 8.710894333821362912e-01
6.570000000000000284e+00 8.711145908954041062e-01
6.580000000000000071e+00 8.711365359983151979e-01
6.589999999999999858e+00 8.711552290086871375e-01
6.600000000000000533e+00 8.711706408400845536e-01
6.610000000000000320e+00 8.711827531489138021e-01
6.620000000000000107e+00 8.711915584429223980e-01
6.629999999999999893e+00 8.711970601502412315e-01
6.640000000000000568e+00 8.711992726482351568e-01
6.650000000000000355e+00 8.711982212516067303e-01
6.660000000000000142e+00 8.711939421593276611e-01
6.669999999999999929e+00 8.711864823601465080e-01
6.679999999999999716e+00 8.711758994965856928e-01
6.690000000000000391e+00 8.711622616875055458e-01
6.700000000000000178e+00 8.711456473094805197e-01
6.709999999999999964e+00 8.711261447374134548e-01
6.719999999999999751e+00 8.711038520449754241e-01
6.730000000000000426e+00 8.710788766656410997e-01
6.740000000000000213e+00 8.710513350152609968e-01
6.750000000000000000e+00 8.710213520772767115e-01
6.759999999999999787e+00 8.709890609518703419e-01
6.770000000000000462e+00 8.709546023704901607e-01
6.780000000000000249e+00 8.709181241773706894e-01
6.790000000000000036e+00 8.708797807798188684e-01
6.799999999999999822e+00 8.708397325692013302e-01
6.810000000000000497e+00 8.707981453147048967e-01
6.820000000000000284e+00 8.707551895320945201e-01
6.830000000000000071e+00 8.707110398298305576e-01
6.839999999999999858e+00 8.706658742350227298e-01
6.850000000000000533e+00 8.706198735018365609e-01
6.860000000000000320e+00 8.705732204050502521e-01
6.870000000000000107e+00 8.705260990215930583e-01
6.879999999999999893e+00 8.704786940029604070e-01
6.890000000000000568e+00 8.704311898414821558e-01
6.900000000000000355e+00 8.703837701334918853e-01
6.910000000000000142e+00 8.703366168425131777e-01
6.919999999999999929e+00 8.702899095655733941e-01
6.929999999999999716e+00 8.702438248058375070e-01
6.940000000000000391e+00 8.701985352547345620e-01
6.950000000000000178e+00 8.701542090867515622e-01
6.959999999999999964e+00 8.701110092700728993e-01
6.969999999999999751e+00 8.700690928961866133e-01
6.980000000000000426e+00 8.700286105315687690e-01
6.990000000000000213e+00 8.699897055944586510e-01
7.000000000000000000e+00 8.699525137596992863e-01
7.009999999999999787e+00 8.699171623945154419e-01
7.020000000000000462e+00 8.698837700279850038e-01
7.030000000000000249e+00 8.698524458568726025e-01
7.040000000000000036e+00 8.698232892903312585e-01
7.049999999999999822e+00 8.697963895358543640e-01
7.060000000000000497e+00 8.697718252286946727e-01
7.070000000000000284e+00 8.697496641067892220e-01
7.080000000000000071e+00 8.697299627330534744e-01
7.089999999999999858e+00 8.697127662667114567e-01
7.100000000000000533e+00 8.696981082851157341e-01
7.110000000000000320e+00 8.696860106572990023e-01
7.120000000000000107e+00 8.696764834702647162e-01
7.129999999999999893e+00 8.696695250088141149e-01
7.140000000000000568e+00 8.696651217894143526e-01
7.150000000000000355e+00 8.696632486484290325e-01
7.160000000000000142e+00 8.696638688847134757e-01
7.169999999999999929e+00 8.696669344563596749e-01
7.179999999999999716e+00 8.696723862311085407e-01
7.190000000000000391e+00 8.696801542896605008e-01
7.200000000000000178e+00 8.696901582808759246e-01
7.209999999999999964e+00 8.697023078275764041e-01
7.219999999999999751e+00 8.697165029814157844e-01
7.230000000000000426e+00 8.697326347250023959e-01
7.240000000000000213e+00 8.697505855192237956e-01
7.250000000000000000e+00 8.697702298934733012e-01
7.259999999999999787e+00 8.697914350762270264e-01
7.270000000000000462e+00 8.698140616632061839e-01
7.280000000000000249e+00 8.698379643201157307e-01
7.290000000000000036e+00 8.698629925167769006e-01
7.299999999999999822e+00 8.698889912892255882e-01
7.310000000000000497e+00 8.699158020262169888e-01
7.320000000000000284e+00 8.699432632763782758e-01
7.330000000000000071e+00 8.699712115721138783e-01
7.339999999999999858e+00 8.699994822662320271e-01
7.350000000000000533e+00 8.700279103771417777e-01
7.360000000000000320e+00 8.700563314384102132e-01
7.370000000000000107e+00 8.700845823483359665e-01
7.379999999999999893e+00 8.701125022152054189e-01
7.390000000000000568e+00 8.701399331938344250e-01
7.400000000000000355e+00 8.701667213089934183e-01
7.410000000000000142e+00 8.701927172613579398e-01
7.419999999999999929e+00 8.702177772116190813e-01
7.429999999999999716e+00 8.702417635385132355e-01
7.440000000000000391e+00 8.702645455665618535e-01
7.450000000000000178e+00 8.702860002594619004e-01
7.459999999999999964e+00 8.703060128751922697e-01
7.469999999999999751e+00 8.703244775790530685e-01
7.480000000000000426e+00 8.703412980110590835e-01
7.490000000000000213e+00 8.703563878042759328e-01
7.500000000000000000e+00 8.703696710509716272e-01
7.509999999999999787e+00 8.703810827136331252e-01
7.520000000000000462e+00 8.703905689782303057e-01
7.530000000000000249e+00 8.703980875473588119e-01
7.540000000000000036e+00 8.704036078711979707e-01
7.549999999999999822e+00 8.704071113145631644e-01
7.560000000000000497e+00 8.704085912586293494e-01
7.570000000000000284e+00 8.704080531362955453e-01
7.580000000000000071e+00 8.704055144004713140e-01
7.589999999999999858e+00 8.704010044249675948e-01
7.600000000000000533e+00 8.703945643380294195e-01
7.610000000000000320e+00 8.703862467889427190e-01
7.620000000000000107e+00 8.703761156485105843e-01
7.629999999999999893e+00 8.703642456446029074e-01
7.640000000000000568e+00 8.703507219343346035e-01
7.650000000000000355e+00 8.703356396148465013e-01
7.660000000000000142e+00 8.703191031749946127e-01
7.669999999999999929e+00 8.703012258906436260e-01
7.679999999999999716e+00 8.702821291666072989e-01
7.690000000000000391e+00 8.702619418286270392e-01
7.700000000000000178e+00 8.702407993690851606e-01
7.709999999999999964e+00 8.702188431504864763e-01
7.719999999999999751e+00 8.701962195710146730e-01
7.730000000000000426e+00 8.701730791967342560e-01
7.740000000000000213e+00 8.701495758652683099e-01
7.750000000000000000e+00 8.701258657660013718e-01
7.759999999999999787e+00 8.701021065020185796e-01
7.770000000000000462e+00 8.700784561392058691e-01
7.780000000000000249e+00 8.700550722480311361e-01
7.790000000000000036e+00 8.700321109436340850e-01
7.799999999999999822e+00 8.700097259299491848e-01
7.810000000000000497e+00 8.699880675535757169e-01
7.820000000000000284e+00 8.699672818731583046e-01
7.830000000000000071e+00 8.699475097499749232e-01
7.839999999999999858e+00 8.699288859653721007e-01
7.850000000000000533e+00 8.699115383705932070e-01
7.860000000000000320e+00 8.698955870743827479e-01
7.870000000000000107e+00 8.698811436736029190e-01
7.879999999999999893e+00 8.698683105318664177e-01
7.890000000000000568e+00 8.698571801109670210e-01
7.900000000000000355e+00 8.698478343596065532e-01
7.910000000000000142e+00 8.698403441635911282e-01
7.919999999999999929e+00 8.698347688613846662e-01
7.930000000000000604e+00 8.698311558284809175e-01
7.940000000000000391e+00 8.698295401337103883e-01
7.950000000000000178e+00 8.698299442701656892e-01
7.959999999999999964e+00 8.698323779629851815e-01
7.969999999999999751e+00 8.698368380557947033e-01
7.980000000000000426e+00 8.698433084771214352e-01
7.990000000000000213e+00 8.698517602875981414e-01
8.000000000000000000e+00 8.698621518083067272e-01
8.009999999999999787e+00 8.698744288300572780e-01
8.019999999999999574e+00 8.698885249029304489e-01
8.029999999999999361e+00 8.699043617048608512e-01
8.040000000000000924e+00 8.699218494875515795e-01
8.050000000000000711e+00 8.699408875974771194e-01
8.060000000000000497e+00 8.699613650692521460e-01
8.070000000000000284e+00 8.699831612881464560e-01
8.080000000000000071e+00 8.700061467180365549e-01
8.089999999999999858e+00 8.700301836906607633e-01
8.099999999999999645e+00 8.700551272515714141e-01
8.109999999999999432e+00 8.700808260577987951e-01
8.120000000000000995e+00 8.701071233218423684e-01
8.130000000000000782e+00 8.701338577962434151e-01
8.140000000000000568e+00 8.701608647927017159e-01
8.150000000000000355e+00 8.701879772293839022e-01
8.160000000000000142e+00 8.702150266998445183e-01
8.169999999999999929e+00 8.702418445567695615e-01
8.179999999999999716e+00 8.702682630035896150e-01
8.189999999999999503e+00 8.702941161868892328e-01
8.199999999999999289e+00 8.703192412824622970e-01
8.210000000000000853e+00 8.703434795678447466e-01
8.220000000000000639e+00 8.703666774741718459e-01
8.230000000000000426e+00 8.703886876102594483e-01
8.240000000000000213e+00 8.704093697519552641e-01
8.250000000000000000e+00 8.704285917899360348e-01
8.259999999999999787e+00 8.704462306293683227e-01
8.269999999999999574e+00 8.704621730350772246e-01
8.279999999999999361e+00 8.704763164162002687e-01
8.290000000000000924e+00 8.704885695446311633e-01
8.300000000000000711e+00 8.704988532019515279e-01
8.310000000000000497e+00 8.705071007499901592e-01
8.320000000000000284e+00 8.705132586206013601e-01
8.330000000000000071e+00 8.705172867207703336e-01
8.339999999999999858e+00 8.705191587496887706e-01
8.349999999999999645e+00 8.705188624249919904e-01
8.359999999999999432e+00 8.705163996159706041e-01
8.370000000000000995e+00 8.705117863821586477e-01
8.380000000000000782e+00 8.705050529163333994e-01
8.390000000000000568e+00 8.704962433916220155e-01
8.400000000000000355e+00 8.704854157130451631e-01
8.410000000000000142e+00 8.704726411745117298e-01
8.419999999999999929e+00 8.704580040229112914e-01
8.429999999999999716e+00 8.704416009316331415e-01
8.439999999999999503e+00 8.704235403864709619e-01
8.449999999999999289e+00 8.704039419875249095e-01
8.460000000000000853e+00 8.703829356713115306e-01
8.470000000000000639e+00 8.703606608579044224e-01
8.480000000000000426e+00 8.703372655284846715e-01
8.490000000000000213e+00 8.703129052392245546e-01
8.500000000000000000e+00 8.702877420779254747e-01
8.509999999999999787e+00 8.702619435702978468e-01
8.519999999999999574e+00 8.702356815431846471e-01
8.529999999999999361e+00 8.702091309524014884e-01
8.540000000000000924e+00 8.701824686831954869e-01
8.550000000000000711e+00 8.701558723315868660e-01
8.560000000000000497e+00 8.701295189750670733e-01
8.570000000000000284e+00 8.701035839412878392e-01
8.580000000000000071e+00 8.700782395834667504e-01
8.589999999999999858e+00 8.700536540712662248e-01
8.599999999999999645e+00 8.700299902058727941e-01
8.609999999999999432e+00 8.700074042679099007e-01
8.620000000000000995e+00 8.699860449066560975e-01
8.630000000000000782e+00 8.699660520788279339e-01
8.640000000000000568e+00 8.699475560448978184e-01
8.650000000000000355e+00 8.699306764305634321e-01
8.660000000000000142e+00 8.699155213605952452e-01
8.669999999999999929e+00 8.699021866718259499e-01
8.679999999999999716e+00 8.698907552115051622e-01
8.689999999999999503e+00 8.698812962267110649e-01
8.700000000000001066e+00 8.698738648498486326e-01
8.710000000000000853e+00 8.698685016846500195e-01
8.720000000000000639e+00 8.698652324963432880e-01
8.730000000000000426e+00 8.698640680089555488e-01
8.740000000000000213e+00 8.698650038119252192e-01
8.750000000000000000e+00 8.698680203774097341e-01
8.759999999999999787e+00 8.698730831888805692e-01
8.769999999999999574e+00 8.698801429807307972e-01
8.779999999999999361e+00 8.698891360878371337e-01
8.790000000000000924e+00 8.698999849031372467e-01
8.800000000000000711e+00 8.699125984404940670e-01
8.810000000000000497e+00 8.699268729992571947e-01
8.820000000000000284e+00 8.699426929261808716e-01
8.830000000000000071e+00 8.699599314695326546e-01
8.839999999999999858e+00 8.699784517195229272e-01
8.849999999999999645e+00 8.699981076284463155e-01
8.859999999999999432e+00 8.700187451032810326e-01
8.870000000000000995e+00 8.700402031628602373e-01
8.880000000000000782e+00 8.700623151511844844e-01
8.890000000000000568e+00 8.700849099979129919e-01
8.900000000000000355e+00 8.701078135166606664e-01
8.910000000000000142e+00 8.701308497313322565e-01
8.919999999999999929e+00 8.701538422204428969e-01
8.929999999999999716e+00 8.701766154691347177e-01
8.939999999999999503e+00 8.701989962184644156e-01
8.950000000000001066e+00 8.702208148014585198e-01
8.960000000000000853e+00 8.702419064554599570e-01
8.970000000000000639e+00 8.702621126003817764e-01
8.980000000000000426e+00 8.702812820726648635e-01
8.990000000000000213e+00 8.702992723050009261e-01
9.000000000000000000e+00 8.703159504422353088e-01
9.009999999999999787e+00 8.703311943842791942e-01
9.019999999999999574e+00 8.703448937473688973e-01
9.029999999999999361e+00 8.703569507355973789e-01
9.040000000000000924e+00 8.703672809152791512e-01
9.050000000000000711e+00 8.703758138854303938e-01
9.060000000000000497e+00 8.703824938384367993e-01
9.070000000000000284e+00 8.703872800057922410e-01
9.080000000000000071e+00 8.703901469846958561e-01
9.089999999999999858e+00 8.703910849422178408e-01
9.099999999999999645e+00 8.703900996947021573e-01
9.109999999999999432e+00 8.703872126610743276e-01
9.120000000000000995e+00 8.703824606897373473e-01
9.130000000000000782e+00 8.703758957597629298e-01
9.140000000000000568e+00 8.703675845581266834e-01
9.150000000000000355e+00 8.703576079357427941e-01
9.160000000000000142e+00 8.703460602461146056e-01
9.169999999999999929e+00 8.703330485713507425e-01
9.179999999999999716e+00 8.703186918413330364e-01
9.189999999999999503e+00 8.703031198526914869e-01
9.200000000000001066e+00 8.702864721951625304e-01
9.210000000000000853e+00 8.702688970937203505e-01
9.220000000000000639e+00 8.702505501756436779e-01
9.230000000000000426e+00 8.702315931723665354e-01
9.240000000000000213e+00 8.702121925666078672e-01
9.250000000000000000e+00 8.701925181957873567e-01
9.259999999999999787e+00 8.701727418232186873e-01
9.269999999999999574e+00 8.701530356888934614e-01
9.279999999999999361e+00 8.701335710519804145e-01
9.290000000000000924e+00 8.701145167372873468e-01
9.300000000000000711e+00 8.700960376980186872e-01
9.310000000000000497e+00 8.700782936071087548e-01
9.320000000000000284e+00 8.700614374892746694e-01
9.330000000000000071e+00 8.700456144056548657e-01
9.339999999999999858e+00 8.700309602025758648e-01
9.349999999999999645e+00 8.700176003354938015e-01
9.359999999999999432e+00 8.700056487786307358e-01
9.370000000000000995e+00 8.699952070301345541e-01
9.380000000000000782e+00 8.699863632218758358e-01
9.390000000000000568e+00 8.699791913421334177e-01
9.400000000000000355e+00 8.699737505785294367e-01
9.410000000000000142e+00 8.699700847875615484e-01
9.419999999999999929e+00 8.699682220960505141e-01
9.429999999999999716e+00 8.699681746386984660e-01
9.439999999999999503e+00 8.699699384347948650e-01
9.450000000000001066e+00 8.699734934059184521e-01
9.460000000000000853e+00 8.699788035352543636e-01
9.470000000000000639e+00 8.699858171679073493e-01
9.480000000000000426e+00 8.699944674503367059e-01
9.490000000000000213e+00 8.700046729058069639e-01
9.500000000000000000e+00 8.700163381415074726e-01
9.509999999999999787e+00 8.700293546817973178e-01
9.519999999999999574e+00 8.700436019208669380e-01
9.529999999999999361e+00 8.700589481869887010e-01
9.540000000000000924e+00 8.700752519094763215e-01
9.550000000000000711e+00 8.700923628784762442e-01
9.560000000000000497e+00 8.701101235868176076e-01
9.570000000000000284e+00 8.701283706423023068e-01
9.580000000000000071e+00 8.701469362381271111e-01
9.589999999999999858e+00 8.701656496684703201e-01
9.599999999999999645e+00 8.701843388757919406e-01
9.609999999999999432e+00 8.702028320159986841e-01
9.620000000000000995e+00 8.702209590273435325e-01
9.630000000000000782e+00 8.702385531887956160e-01
9.640000000000000568e+00 8.702554526536062651e-01
9.650000000000000355e+00 8.702715019438830302e-01
9.660000000000000142e+00 8.702865533922740093e-01
9.669999999999999929e+00 8.703004685171957799e-01
9.679999999999999716e+00 8.703131193185776882e-01
9.689999999999999503e+00 8.703243894817062065e-01
9.700000000000001066e+00 8.703341754775076877e-01
9.710000000000000853e+00 8.703423875484898042e-01
9.720000000000000639e+00 8.703489505705073181e-01
9.730000000000000426e+00 8.703538047816286038e-01
9.740000000000000213e+00 8.703569063705316466e-01
9.750000000000000000e+00 8.703582279181006909e-01
9.759999999999999787e+00 8.703577586872527361e-01
9.769999999999999574e+00 8.703555047573638959e-01
9.779999999999999361e+00 8.703514890011334604e-01
9.790000000000000924e+00 8.703457509031756745e-01
9.800000000000000711e+00 8.703383462211145005e-01
9.810000000000000497e+00 8.703293464914592104e-01
9.820000000000000284e+00 8.703188383840384512e-01
9.830000000000000071e+00 8.703069229102124993e-01
9.839999999999999858e+00 8.702937144915549039e-01
9.849999999999999645e+00 8.702793398970393168e-01
9.859999999999999432e+00 8.702639370581300993e-01
9.870000000000000995e+00 8.702476537723913275e-01
9.880000000000000782e+00 8.702306463073932186e-01
9.890000000000000568e+00 8.702130779177631448e-01
9.900000000000000355e+00 8.701951172891440045e-01
9.910000000000000142e+00 8.701769369236671547e-01
9.919999999999999929e+00 8.701587114822106894e-01
9.929999999999999716e+00 8.701406160992622985e-01
9.939999999999999503e+00 8.701228246866112848e-01
9.950000000000001066e+00 8.701055082423111431e-01
9.960000000000000853e+00 8.700888331814570220e-01
9.970000000000000639e+00 8.700729597052290210e-01
9.980000000000000426e+00 8.700580402244056932e-01
9.990000000000000213e+00 8.700442178531611059e-01
1.000000000000000000e+01 8.700316249883786046e-01
1.000999999999999979e+01 8.700203819889960055e-01
1.001999999999999957e+01 8.700105959690264124e-01
1.002999999999999936e+01 8.700023597168721201e-01
1.004000000000000092e+01 8.699957507524059830e-01
1.005000000000000071e+01 8.699908305319943302e-01
1.006000000000000050e+01 8.699876438102660536e-01
1.007000000000000028e+01 8.699862181658974958e-01
1.008000000000000007e+01 8.699865636971367833e-01
1.008999999999999986e+01 8.699886728910930511e-01
1.009999999999999964e+01 8.699925206691213608e-01
1.010999999999999943e+01 8.699980646088638636e-01
1.012000000000000099e+01 8.700052453417260745e-01
1.013000000000000078e+01 8.700139871227813293e-01
1.014000000000000057e+01 8.700241985683201396e-01
1.015000000000000036e+01 8.700357735545043436e-01
1.016000000000000014e+01 8.700485922689210616e-01
1.016999999999999993e+01 8.700625224051553586e-01
1.017999999999999972e+01 8.700774204890141528e-01
1.018999999999999950e+01 8.700931333235409904e-01
1.020000000000000107e+01 8.701094995386704500e-01
1.021000000000000085e+01 8.701263512301757874e-01
1.022000000000000064e+01 8.701435156715119357e-01
1.023000000000000043e+01 8.701608170812843435e-01
1.024000000000000021e+01 8.701780784283610348e-01
1.025000000000000000e+01 8.701951232561139227e-01
1.025999999999999979e+01 8.702117775069317940e-01
1.026999999999999957e+01 8.702278713280175992e-01
1.027999999999999936e+01 8.702432408395047725e-01
1.029000000000000092e+01 8.702577298462069733e-01
1.030000000000000071e+01 8.702711914747507382e-01
1.031000000000000050e+01 8.702834897185023344e-01
1.032000000000000028e+01 8.702945008735168964e-01
1.033000000000000007e+01 8.703041148498024127e-01
1.033999999999999986e+01 8.703122363433657416e-01
1.034999999999999964e+01 8.703187858558770751e-01
1.035999999999999943e+01 8.703237005503569046e-01
1.037000000000000099e+01 8.703269349328868199e-01
1.038000000000000078e+01 8.703284613521840019e-01
1.039000000000000057e+01 8.703282703107584339e-01
1.040000000000000036e+01 8.703263705833246267e-01
1.041000000000000014e+01 8.703227891402064431e-01
1.041999999999999993e+01 8.703175708755601647e-01
1.042999999999999972e+01 8.703107781423091716e-01
1.043999999999999950e+01 8.703024900978515443e-01
1.045000000000000107e+01 8.702928018666065135e-01
1.046000000000000085e+01 8.702818235275739944e-01
1.047000000000000064e+01 8.702696789369819275e-01
1.048000000000000043e+01 8.702565043979946235e-01
1.049000000000000021e+01 8.702424471912180159e-01
1.050000000000000000e+01 8.702276639813308901e-01
1.050999999999999979e+01 8.702123191166631910e-01
1.051999999999999957e+01 8.701965828398176006e-01
1.052999999999999936e+01 8.701806294285441279e-01
1.054000000000000092e+01 8.701646352869846224e-01
1.055000000000000071e+01 8.701487770080724715e-01
1.056000000000000050e+01 8.701332294283622426e-01
1.057000000000000028e+01 8.701181636967602051e-01
1.058000000000000007e+01 8.701037453786596432e-01
1.058999999999999986e+01 8.700901326166856631e-01
1.059999999999999964e+01 8.700774743688252100e-01
1.060999999999999943e+01 8.700659087439345241e-01
1.062000000000000099e+01 8.700555614537024418e-01
1.063000000000000078e+01 8.700465443989523484e-01
1.064000000000000057e+01 8.700389544067733683e-01
1.065000000000000036e+01 8.700328721333877580e-01
1.066000000000000014e+01 8.700283611458899946e-01
1.066999999999999993e+01 8.700254671940503837e-01
1.067999999999999972e+01 8.700242176813136608e-01
1.068999999999999950e+01 8.700246213419039476e-01
1.070000000000000107e+01 8.700266681286618065e-01
1.071000000000000085e+01 8.700303293138690330e-01
1.072000000000000064e+01 8.700355578029004278e-01
1.073000000000000043e+01 8.700422886581036241e-01
1.074000000000000021e+01 8.700504398278896545e-01
1.075000000000000000e+01 8.700599130736320630e-01
1.075999999999999979e+01 8.700705950846447934e-01
1.076999999999999957e+01 8.700823587692926298e-01
1.077999999999999936e+01 8.700950647081558964e-01
1.079000000000000092e+01 8.701085627532397782e-01
1.080000000000000071e+01 8.701226937554098484e-01
1.081000000000000050e+01 8.701372914006170189e-01
1.082000000000000028e+01 8.701521841341288699e-01
1.083000000000000007e+01 8.701671971507787262e-01
1.083999999999999986e+01 8.701821544283800947e-01
1.084999999999999964e+01 8.701968807807685113e-01
1.085999999999999943e+01 8.702112039065647009e-01
1.087000000000000099e+01 8.702249564096667944e-01
1.088000000000000078e+01 8.702379777676293449e-01
1.089000000000000057e+01 8.702501162245753763e-01
1.090000000000000036e+01 8.702612305860113473e-01
1.091000000000000014e+01 8.702711918939313174e-01
1.091999999999999993e+01 8.702798849618847976e-01
1.092999999999999972e+01 8.702872097512046601e-01
1.093999999999999950e+01 8.702930825713519614e-01
1.095000000000000107e+01 8.702974370893312717e-01
1.096000000000000085e+01 8.703002251352883745e-01
1.097000000000000064e+01 8.703014172937840742e-01
1.098000000000000043e+01 8.703010032726862244e-01
1.099000000000000021e+01 8.702989920442760763e-01
1.100000000000000000e+01 8.702954117558435732e-01
1.100999999999999979e+01 8.702903094097872438e-01
1.101999999999999957e+01 8.702837503160388843e-01
1.102999999999999936e+01 8.702758173223598126e-01
1.104000000000000092e+01 8.702666098308040610e-01
1.105000000000000071e+01 8.702562426112616656e-01
1.106000000000000050e+01 8.702448444255417304e-01
1.107000000000000028e+01 8.702325564778249367e-01
1.108000000000000007e+01 8.702195307095306198e-01
1.108999999999999986e+01 8.702059279586769058e-01
1.109999999999999964e+01 8.701919160055527902e-01
1.110999999999999943e+01 8.701776675280873397e-01
1.112000000000000099e+01 8.701633579915364347e-01
1.113000000000000078e+01 8.701491634980793588e-01
1.114000000000000057e+01 8.701352586225631347e-01
1.115000000000000036e+01 8.701218142609866701e-01
1.116000000000000014e+01 8.701089955183185509e-01
1.116999999999999993e+01 8.700969596619163582e-01
1.117999999999999972e+01 8.700858541662017664e-01
1.118999999999999950e+01 8.700758148732409269e-01
1.120000000000000107e+01 8.700669642926257552e-01
1.121000000000000085e+01 8.700594100624506888e-01
1.122000000000000064e+01 8.700532435913183038e-01
1.123000000000000043e+01 8.700485388991674451e-01
1.124000000000000021e+01 8.700453516723426484e-01
1.125000000000000000e+01 8.700437185457547962e-01
1.125999999999999979e+01 8.700436566221702028e-01
1.126999999999999957e+01 8.700451632357947274e-01
1.127999999999999936e+01 8.700482159642508595e-01
1.129000000000000092e+01 8.700527728899503099e-01
1.130000000000000071e+01 8.700587731087030541e-01
1.131000000000000050e+01 8.700661374802759473e-01
1.132000000000000028e+01 8.700747696124800923e-01
1.133000000000000007e+01 8.700845570673670926e-01
1.133999999999999986e+01 8.700953727751793432e-01
1.134999999999999964e+01 8.701070766389942257e-01
1.135999999999999943e+01 8.701195173104113723e-01
1.137000000000000099e+01 8.701325341143365533e-01
1.138000000000000078e+01 8.701459590988565029e-01
1.139000000000000057e+01 8.701596191844328532e-01
1.140000000000000036e+01 8.701733383851943948e-01
1.141000000000000014e+01 8.701869400740098737e-01
1.141999999999999993e+01 8.702002492622658014e-01
1.142999999999999972e+01 8.702130948648936215e-01
1.143999999999999950e+01 8.702253119212092214e-01
1.145000000000000107e+01 8.702367437424978203e-01
1.146000000000000085e+01 8.702472439580429819e-01
1.147000000000000064e+01 8.702566784324572424e-01
1.148000000000000043e+01 8.702649270286678673e-01
1.149000000000000021e+01 8.702718851927732091e-01
1.150000000000000000e+01 8.702774653391667226e-01
1.150999999999999979e+01 8.702815980168221444e-01
1.151999999999999957e+01 8.702842328403839200e-01
1.152999999999999936e+01 8.702853391727120025e-01
1.154000000000000092e+01 8.702849065487247016e-01
1.155000000000000071e+01 8.702829448337554563e-01
1.156000000000000050e+01 8.702794841131046288e-01
1.157000000000000028e+01 8.702745743130322342e-01
1.158000000000000007e+01 8.702682845569982284e-01
1.158999999999999986e+01 8.702607022645432178e-01
1.159999999999999964e+01 8.702519320036414818e-01
1.160999999999999943e+01 8.702420941107849028e-01
1.162000000000000099e+01 8.702313230962047674e-01
1.163000000000000078e+01 8.702197658546770853e-01
1.164000000000000057e+01 8.702075797050838890e-01
1.165000000000000036e+01 8.701949302843595691e-01
1.166000000000000014e+01 8.701819893235867021e-01
1.166999999999999993e+01 8.701689323357569839e-01
1.167999999999999972e+01 8.701559362461233071e-01
1.168999999999999950e+01 8.701431769970173757e-01
1.170000000000000107e+01 8.701308271595628030e-01
1.171000000000000085e+01 8.701190535848254415e-01
1.172000000000000064e+01 8.701080151266058493e-01
1.173000000000000043e+01 8.700978604672864325e-01
1.174000000000000021e+01 8.700887260769547549e-01
1.175000000000000000e+01 8.700807343343546219e-01
1.175999999999999979e+01 8.700739918361870551e-01
1.176999999999999957e+01 8.700685879188517768e-01
1.177999999999999936e+01 8.700645934139235038e-01
1.179000000000000092e+01 8.700620596555769248e-01
1.180000000000000071e+01 8.700610177547878354e-01
1.181000000000000050e+01 8.700614781515237928e-01
1.182000000000000028e+01 8.700634304523673368e-01
1.183000000000000007e+01 8.700668435570616532e-01
1.183999999999999986e+01 8.700716660734754138e-01
1.184999999999999964e+01 8.700778270164577499e-01
1.185999999999999943e+01 8.700852367820551825e-01
1.187000000000000099e+01 8.700937883846313614e-01
1.188000000000000078e+01 8.701033589407022317e-01
1.189000000000000057e+01 8.701138113797040052e-01
1.190000000000000036e+01 8.701249963586096259e-01
1.191000000000000014e+01 8.701367543542852800e-01
1.191999999999999993e+01 8.701489179048311762e-01
1.192999999999999972e+01 8.701613139688307852e-01
1.193999999999999950e+01 8.701737663696249570e-01
1.195000000000000107e+01 8.701860982902831498e-01
1.196000000000000085e+01 8.701981347840247460e-01
1.197000000000000064e+01 8.702097052644430786e-01
1.198000000000000043e+01 8.702206459399076666e-01
1.199000000000000021e+01 8.702308021571601993e-01
1.200000000000000000e+01 8.702400306201786284e-01
1.200999999999999979e+01 8.702482014519751230e-01
1.201999999999999957e+01 8.702552000690763068e-01
1.203000000000000114e+01 8.702609288409348665e-01
1.204000000000000092e+01 8.702653085094497198e-01
1.205000000000000071e+01 8.702682793471299139e-01
1.206000000000000050e+01 8.702698020360363218e-01
1.207000000000000028e+01 8.702698582536149141e-01
1.208000000000000007e+01 8.702684509556916082e-01
1.208999999999999986e+01 8.702656043512504436e-01
1.209999999999999964e+01 8.702613635680637172e-01
1.210999999999999943e+01 8.702557940127474412e-01
1.212000000000000099e+01 8.702489804333195522e-01
1.213000000000000078e+01 8.702410256966991442e-01
1.214000000000000057e+01 8.702320492978854460e-01
1.215000000000000036e+01 8.702221856215351936e-01
1.216000000000000014e+01 8.702115819804884245e-01
1.216999999999999993e+01 8.702003964591373819e-01
1.217999999999999972e+01 8.701887955926632667e-01
1.218999999999999950e+01 8.701769519156982158e-01
1.220000000000000107e+01 8.701650414161428149e-01
1.221000000000000085e+01 8.701532409314648442e-01
1.222000000000000064e+01 8.701417255258860894e-01
1.223000000000000043e+01 8.701306658873563249e-01
1.224000000000000021e+01 8.701202257831691655e-01
1.225000000000000000e+01 8.701105596123956953e-01
1.225999999999999979e+01 8.701018100921152909e-01
1.226999999999999957e+01 8.700941061126097331e-01
1.228000000000000114e+01 8.700875607943743262e-01
1.229000000000000092e+01 8.700822697769492464e-01
1.230000000000000071e+01 8.700783097662642129e-01
1.231000000000000050e+01 8.700757373634460112e-01
1.232000000000000028e+01 8.700745881939206949e-01
1.233000000000000007e+01 8.700748763512202721e-01
1.233999999999999986e+01 8.700765941652089941e-01
1.234999999999999964e+01 8.700797122995808097e-01
1.235999999999999943e+01 8.700841801785214047e-01
1.237000000000000099e+01 8.700899267373882751e-01
1.238000000000000078e+01 8.700968614873211271e-01
1.239000000000000057e+01 8.701048758788219040e-01
1.240000000000000036e+01 8.701138449447084477e-01
1.241000000000000014e+01 8.701236291984251192e-01
1.241999999999999993e+01 8.701340767596588144e-01
1.242999999999999972e+01 8.701450256755429713e-01
1.243999999999999950e+01 8.701563064025487071e-01
1.245000000000000107e+01 8.701677444114666038e-01
1.246000000000000085e+01 8.701791628757867825e-01
1.247000000000000064e+01 8.701903854022432494e-01
1.248000000000000043e+01 8.702012387614264100e-01
1.249000000000000021e+01 8.702115555760953081e-01
1.250000000000000000e+01 8.702211769252621298e-01
1.250999999999999979e+01 8.702299548231698934e-01
1.251999999999999957e+01 8.702377545340206355e-01
1.253000000000000114e+01 8.702444566856437635e-01
1.254000000000000092e+01 8.702499591482247832e-01
1.255000000000000071e+01 8.702541786477231422e-01
1.256000000000000050e+01 8.702570520875648752e-01
1.257000000000000028e+01 8.702585375566757042e-01
1.258000000000000007e+01 8.702586150066957682e-01
1.258999999999999986e+01 8.702572865863649199e-01
1.259999999999999964e+01 8.702545766263940497e-01
1.260999999999999943e+01 8.702505312736542598e-01
1.262000000000000099e+01 8.702452177790523935e-01
1.263000000000000078e+01 8.702387234489765699e-01
1.264000000000000057e+01 8.702311542756328011e-01
1.265000000000000036e+01 8.702226332667579722e-01
1.266000000000000014e+01 8.702132985001299614e-01
1.266999999999999993e+01 8.702033009328277169e-01
1.267999999999999972e+01 8.701928019992910546e-01
1.268999999999999950e+01 8.701819710358030813e-01
1.270000000000000107e+01 8.701709825720270741e-01
1.271000000000000085e+01 8.701600135325731067e-01
1.272000000000000064e+01 8.701492403932957753e-01
1.273000000000000043e+01 8.701388363379647384e-01
1.274000000000000021e+01 8.701289684612352193e-01
1.275000000000000000e+01 8.701197950633280387e-01
1.275999999999999979e+01 8.701114630806014993e-01
1.276999999999999957e+01 8.701041056942535601e-01
1.278000000000000114e+01 8.700978401567072140e-01
1.279000000000000092e+01 8.700927658719231905e-01
1.280000000000000071e+01 8.700889627619338151e-01
1.281000000000000050e+01 8.700864899474051173e-01
1.282000000000000028e+01 8.700853847650386053e-01
1.283000000000000007e+01 8.700856621392413226e-01
1.283999999999999986e+01 8.700873143197551673e-01
1.284999999999999964e+01 8.700903109910127498e-01
1.285999999999999943e+01 8.700945997528716225e-01
1.287000000000000099e+01 8.701001069662618326e-01
1.288000000000000078e+01 8.701067389512279204e-01
1.289000000000000057e+01 8.701143835189374398e-01
1.290000000000000036e+01 8.701229118135818119e-01
1.291000000000000014e+01 8.701321804348648437e-01
1.291999999999999993e+01 8.701420338068965865e-01
1.292999999999999972e+01 8.701523067550513968e-01
1.293999999999999950e+01 8.701628272486869875e-01
1.295000000000000107e+01 8.701734192645770305e-01
1.296000000000000085e+01 8.701839057236971930e-01
1.297000000000000064e+01 8.701941114524783805e-01
1.298000000000000043e+01 8.702038661189933633e-01
1.299000000000000021e+01 8.702130070946791918e-01
1.300000000000000000e+01 8.702213821931865656e-01
1.300999999999999979e+01 8.702288522397704229e-01
1.301999999999999957e+01 8.702352934272209461e-01
1.303000000000000114e+01 8.702405994177169202e-01
1.304000000000000092e+01 8.702446831540869843e-01
1.305000000000000071e+01 8.702474783486376930e-01
1.306000000000000050e+01 8.702489406230895508e-01
1.307000000000000028e+01 8.702490482788712844e-01
1.308000000000000007e+01 8.702478026832800584e-01
1.308999999999999986e+01 8.702452282634338676e-01
1.309999999999999964e+01 8.702413721066354357e-01
1.310999999999999943e+01 8.702363031724736908e-01
1.312000000000000099e+01 8.702301111286805391e-01
1.313000000000000078e+01 8.702229048292748903e-01
1.314000000000000057e+01 8.702148104597782208e-01
1.315000000000000036e+01 8.702059693801430518e-01
1.316000000000000014e+01 8.701965357014138647e-01
1.316999999999999993e+01 8.701866736369282540e-01
1.317999999999999972e+01 8.701765546729774981e-01
1.318999999999999950e+01 8.701663546072171407e-01
1.320000000000000107e+01 8.701562505056595898e-01
1.321000000000000085e+01 8.701464176307782683e-01
1.322000000000000064e+01 8.701370263940043648e-01
1.323000000000000043e+01 8.701282393858076336e-01
1.324000000000000021e+01 8.701202085354150517e-01
1.325000000000000000e+01 8.701130724502835756e-01
1.325999999999999979e+01 8.701069539825387888e-01
1.326999999999999957e+01 8.701019580658601038e-01
1.328000000000000114e+01 8.700981698617969995e-01
1.329000000000000092e+01 8.700956532492372109e-01
1.330000000000000071e+01 8.700944496849142284e-01
1.331000000000000050e+01 8.700945774564163848e-01
1.332000000000000028e+01 8.700960313423788950e-01
1.333000000000000007e+01 8.700987826873690656e-01
1.333999999999999986e+01 8.701027798917256861e-01
1.334999999999999964e+01 8.701079493092009898e-01
1.335999999999999943e+01 8.701141965380064791e-01
1.337000000000000099e+01 8.701214080837796905e-01
1.338000000000000078e+01 8.701294533662404795e-01
1.339000000000000057e+01 8.701381870350378689e-01
1.340000000000000036e+01 8.701474515545716271e-01
1.341000000000000014e+01 8.701570800125556504e-01
1.341999999999999993e+01 8.701668991028245204e-01
1.342999999999999972e+01 8.701767322295330676e-01
1.343999999999999950e+01 8.701864026773898919e-01
1.345000000000000107e+01 8.701957367911372643e-01
1.346000000000000085e+01 8.702045671069806865e-01
1.347000000000000064e+01 8.702127353792795672e-01
1.348000000000000043e+01 8.702200954473733319e-01
1.349000000000000021e+01 8.702265158900484021e-01
1.350000000000000000e+01 8.702318824187257329e-01
1.350999999999999979e+01 8.702360999649186857e-01
1.351999999999999957e+01 8.702390944228819425e-01
1.353000000000000114e+01 8.702408140144087811e-01
1.354000000000000092e+01 8.702412302494901830e-01
1.355000000000000071e+01 8.702403384637765749e-01
1.356000000000000050e+01 8.702381579214418794e-01
1.357000000000000028e+01 8.702347314799537825e-01
1.358000000000000007e+01 8.702301248212738205e-01
1.358999999999999986e+01 8.702244252620171538e-01
1.359999999999999964e+01 8.702177401629028752e-01
1.360999999999999943e+01 8.702101949653372470e-01
1.362000000000000099e+01 8.702019308899920924e-01
1.363000000000000078e+01 8.701931023386672015e-01
1.364000000000000057e+01 8.701838740464598043e-01
1.365000000000000036e+01 8.701744180361035141e-01
1.366000000000000014e+01 8.701649104303111892e-01
1.366999999999999993e+01 8.701555281808758258e-01
1.367999999999999972e+01 8.701464457751296733e-01
1.368999999999999950e+01 8.701378319811111650e-01
1.370000000000000107e+01 8.701298466923759189e-01
1.371000000000000085e+01 8.701226379318224291e-01
1.372000000000000064e+01 8.701163390712665091e-01
1.373000000000000043e+01 8.701110663196842676e-01
1.374000000000000021e+01 8.701069165283232820e-01
1.375000000000000000e+01 8.701039653551215780e-01
1.375999999999999979e+01 8.701022658243340313e-01
1.376999999999999957e+01 8.701018473099957351e-01
1.378000000000000114e+01 8.701027149639676272e-01
1.379000000000000092e+01 8.701048496010131972e-01
1.380000000000000071e+01 8.701082080447406497e-01
1.381000000000000050e+01 8.701127239295272098e-01
1.382000000000000028e+01 8.701183089448285557e-01
1.383000000000000007e+01 8.701248544998014811e-01
1.383999999999999986e+01 8.701322337780199589e-01
1.384999999999999964e+01 8.701403041444832898e-01
1.385999999999999943e+01 8.701489098601611349e-01
1.387000000000000099e+01 8.701578850532233345e-01
1.388000000000000078e+01 8.701670568909100068e-01
1.389000000000000057e+01 8.701762488918587390e-01
1.390000000000000036e+01 8.701852843157196205e-01
1.391000000000000014e+01 8.701939895650424583e-01
1.391999999999999993e+01 8.702021975338939397e-01
1.392999999999999972e+01 8.702097508383496161e-01
1.393999999999999950e+01 8.702165048659471491e-01
1.395000000000000107e+01 8.702223305844104528e-01
1.396000000000000085e+01 8.702271170542944523e-01
1.397000000000000064e+01 8.702307735956964496e-01
1.398000000000000043e+01 8.702332315656557959e-01
1.399000000000000021e+01 8.702344457102225705e-01
