0.000000000000000000e+00 9.999999980557883195e-01
1.000000000000000021e-02 9.999929471133053305e-01
2.000000000000000042e-02 9.999713986297765755e-01
2.999999999999999889e-02 9.999347391511630434e-01
4.000000000000000083e-02 9.998823435791797110e-01
5.000000000000000278e-02 9.998135743464425795e-01
5.999999999999999778e-02 9.997277805283486529e-01
7.000000000000000666e-02 9.996242968900911352e-01
8.000000000000000167e-02 9.995024428673103811e-01
8.999999999999999667e-02 9.993615214788823531e-01
1.000000000000000056e-01 9.992008181704586933e-01
1.100000000000000006e-01 9.990195995874298074e-01
1.199999999999999956e-01 9.988171122761079213e-01
1.300000000000000044e-01 9.985925813120525296e-01
1.400000000000000133e-01 9.983452088546374004e-01
1.499999999999999944e-01 9.980741726271323833e-01
1.600000000000000033e-01 9.977786243218416118e-01
1.700000000000000122e-01 9.974576879300776078e-01
1.799999999999999933e-01 9.971104579971247217e-01
1.900000000000000022e-01 9.967359978026923972e-01
2.000000000000000111e-01 9.963333374678267074e-01
2.099999999999999922e-01 9.959014719897651968e-01
2.200000000000000011e-01 9.954393592068232488e-01
2.300000000000000100e-01 9.949459176960678830e-01
2.399999999999999911e-01 9.944200246073600091e-01
2.500000000000000000e-01 9.938605134382054729e-01
2.600000000000000089e-01 9.932661717549005065e-01
2.700000000000000178e-01 9.926357388665962844e-01
2.800000000000000266e-01 9.919679034602059131e-01
2.899999999999999800e-01 9.912613012055523365e-01
2.999999999999999889e-01 9.905145123417500308e-01
3.099999999999999978e-01 9.897260592576715421e-01
3.200000000000000067e-01 9.888944040813493208e-01
3.300000000000000155e-01 9.880179462953778691e-01
3.400000000000000244e-01 9.870950203978828830e-01
3.500000000000000333e-01 9.861238936312757275e-01
3.599999999999999867e-01 9.851027638039843159e-01
3.699999999999999956e-01 9.840297572335482412e-01
3.800000000000000044e-01 9.829029268429149147e-01
3.900000000000000133e-01 9.817202504454960454e-01
4.000000000000000222e-01 9.804796292585261641e-01
4.100000000000000311e-01 9.791788866884644227e-01
4.199999999999999845e-01 9.778157674366335650e-01
4.299999999999999933e-01 9.763879369778984962e-01
4.400000000000000022e-01 9.748929814699951457e-01
4.500000000000000111e-01 9.733284081559848699e-01
4.600000000000000200e-01 9.716916463272159410e-01
4.700000000000000289e-01 9.699800489190544273e-01
4.799999999999999822e-01 9.681908948163183704e-01
4.899999999999999911e-01 9.663213919497678495e-01
5.000000000000000000e-01 9.643686812689807875e-01
5.100000000000000089e-01 9.623298416802916755e-01
5.200000000000000178e-01 9.602018960410553250e-01
5.300000000000000266e-01 9.579818183029795708e-01
5.400000000000000355e-01 9.556665418975329729e-01
5.500000000000000444e-01 9.532529694550857524e-01
5.600000000000000533e-01 9.507379839462837268e-01
5.700000000000000622e-01 9.481184613287447771e-01
5.799999999999999600e-01 9.453912847743937142e-01
5.899999999999999689e-01 9.425533605419984529e-01
5.999999999999999778e-01 9.396016355457461611e-01
6.099999999999999867e-01 9.365331166534301977e-01
6.199999999999999956e-01 9.333448917269486778e-01
6.300000000000000044e-01 9.300341523930883980e-01
6.400000000000000133e-01 9.265982185038420527e-01
6.500000000000000222e-01 9.230345642128748862e-01
6.600000000000000311e-01 9.193408455582178229e-01
6.700000000000000400e-01 9.155149294013122940e-01
6.800000000000000488e-01 9.115549235293084473e-01
6.900000000000000577e-01 9.074592076820388042e-01
7.000000000000000666e-01 9.032264652179669007e-01
7.099999999999999645e-01 8.988557150858095257e-01
7.199999999999999734e-01 8.943463437218059919e-01
7.299999999999999822e-01 8.896981364481654220e-01
7.399999999999999911e-01 8.849113079078202437e-01
7.500000000000000000e-01 8.799865310360031057e-01
7.600000000000000089e-01 8.749249640422315233e-01
7.700000000000000178e-01 8.697282748589196810e-01
7.800000000000000266e-01 8.643986625067776597e-01
7.900000000000000355e-01 8.589388748340309743e-01
8.000000000000000444e-01 8.533522221075838798e-01
8.100000000000000533e-01 8.476425859704389554e-01
8.200000000000000622e-01 8.418144233314313052e-01
8.300000000000000711e-01 8.358727648204005156e-01
8.399999999999999689e-01 8.298232075236244842e-01
8.499999999999999778e-01 8.236719018090832289e-01
8.599999999999999867e-01 8.174255321569395827e-01
8.699999999999999956e-01 8.110912920246660107e-01
8.800000000000000044e-01 8.046768528953682775e-01
8.900000000000000133e-01 7.981903277783394257e-01
9.000000000000000222e-01 7.916402295488298435e-01
9.100000000000000311e-01 7.850354246254894752e-01
9.200000000000000400e-01 7.783850825850633370e-01
9.300000000000000488e-01 7.716986224011429529e-01
9.400000000000000577e-01 7.649856560640351244e-01
9.500000000000000666e-01 7.582559303899382153e-01
9.599999999999999645e-01 7.515192678574913465e-01
9.699999999999999734e-01 7.447855073182786390e-01
9.799999999999999822e-01 7.380644454145959266e-01
9.899999999999999911e-01 7.313657795039510967e-01
1.000000000000000000e+00 7.246990528370362838e-01
1.010000000000000009e+00 7.180736026666914018e-01
1.020000000000000018e+00 7.114985118825901678e-01
1.030000000000000027e+00 7.049825646732906792e-01
1.040000000000000036e+00 6.985342066174331510e-01
1.050000000000000044e+00 6.921615095025243081e-01
1.060000000000000053e+00 6.858721410666583918e-01
1.070000000000000062e+00 6.796733397580982938e-01
1.080000000000000071e+00 6.735718945132485036e-01
1.090000000000000080e+00 6.675741294668932069e-01
1.100000000000000089e+00 6.616858934315394958e-01
1.110000000000000098e+00 6.559125539165225893e-01
1.120000000000000107e+00 6.502589954026516406e-01
1.130000000000000115e+00 6.447296215452940071e-01
1.140000000000000124e+00 6.393283609469084805e-01
1.150000000000000133e+00 6.340586761195422527e-01
1.159999999999999920e+00 6.289235752471137308e-01
1.169999999999999929e+00 6.239256263557172444e-01
1.179999999999999938e+00 6.190669735066929302e-01
1.189999999999999947e+00 6.143493546400383698e-01
1.199999999999999956e+00 6.097741207143656528e-01
1.209999999999999964e+00 6.053422558121809294e-01
1.219999999999999973e+00 6.010543979050549934e-01
1.229999999999999982e+00 5.969108600010298860e-01
1.239999999999999991e+00 5.929116514254315629e-01
1.250000000000000000e+00 5.890564990155527925e-01
1.260000000000000009e+00 5.853448680383203095e-01
1.270000000000000018e+00 5.817759826680636293e-01
1.280000000000000027e+00 5.783488458878858207e-01
1.290000000000000036e+00 5.750622587031374300e-01
1.300000000000000044e+00 5.719148385782175659e-01
1.310000000000000053e+00 5.689050370290126279e-01
1.320000000000000062e+00 5.660311563219607711e-01
1.330000000000000071e+00 5.632913652474762500e-01
1.340000000000000080e+00 5.606837139500898681e-01
1.350000000000000089e+00 5.582061478103347296e-01
1.360000000000000098e+00 5.558565203842114055e-01
1.370000000000000107e+00 5.536326054151315956e-01
1.380000000000000115e+00 5.515321079407374816e-01
1.390000000000000124e+00 5.495526745230284726e-01
1.400000000000000133e+00 5.476919026349856834e-01
1.409999999999999920e+00 5.459473492404960382e-01
1.419999999999999929e+00 5.443165386069672707e-01
1.429999999999999938e+00 5.427969693918057725e-01
1.439999999999999947e+00 5.413861210448646100e-01
1.449999999999999956e+00 5.400814595693781417e-01
1.459999999999999964e+00 5.388804426837202621e-01
1.469999999999999973e+00 5.377805244257097828e-01
1.479999999999999982e+00 5.367791592402777479e-01
1.489999999999999991e+00 5.358738055900520436e-01
1.500000000000000000e+00 5.350619291269923528e-01
1.510000000000000009e+00 5.343410054616241078e-01
1.520000000000000018e+00 5.337085225647084652e-01
1.530000000000000027e+00 5.331619828344033030e-01
1.540000000000000036e+00 5.326989048601780130e-01
1.550000000000000044e+00 5.323168249129223151e-01
1.560000000000000053e+00 5.320132981888717749e-01
1.570000000000000062e+00 5.317858998332152254e-01
1.580000000000000071e+00 5.316322257675248908e-01
1.590000000000000080e+00 5.315498933434721351e-01
1.600000000000000089e+00 5.315365418436910350e-01
1.610000000000000098e+00 5.315898328491407421e-01
1.620000000000000107e+00 5.317074504908302357e-01
1.630000000000000115e+00 5.318871016024185883e-01
1.640000000000000124e+00 5.321265157888894759e-01
1.650000000000000133e+00 5.324234454252814164e-01
1.660000000000000142e+00 5.327756655982942569e-01
1.669999999999999929e+00 5.331809740025418298e-01
1.679999999999999938e+00 5.336371908021950716e-01
1.689999999999999947e+00 5.341421584678314183e-01
1.699999999999999956e+00 5.346937415974430952e-01
1.709999999999999964e+00 5.352898267297360180e-01
1.719999999999999973e+00 5.359283221570974032e-01
1.729999999999999982e+00 5.366071577449295082e-01
1.739999999999999991e+00 5.373242847633655783e-01
1.750000000000000000e+00 5.380776757368160856e-01
1.760000000000000009e+00 5.388653243162045969e-01
1.770000000000000018e+00 5.396852451782558902e-01
1.780000000000000027e+00 5.405354739556939014e-01
1.790000000000000036e+00 5.414140672017774270e-01
1.800000000000000044e+00 5.423191023921577480e-01
1.810000000000000053e+00 5.432486779666855226e-01
1.820000000000000062e+00 5.442009134133760639e-01
1.830000000000000071e+00 5.451739493964545824e-01
1.840000000000000080e+00 5.461659479300375875e-01
1.850000000000000089e+00 5.471750925987184377e-01
1.860000000000000098e+00 5.481995888260298155e-01
1.870000000000000107e+00 5.492376641914993307e-01
1.880000000000000115e+00 5.502875687967212492e-01
1.890000000000000124e+00 5.513475756806558437e-01
1.900000000000000133e+00 5.524159812840955253e-01
1.910000000000000142e+00 5.534911059630414076e-01
1.919999999999999929e+00 5.545712945504790437e-01
1.929999999999999938e+00 5.556549169658510090e-01
1.939999999999999947e+00 5.567403688713236098e-01
1.949999999999999956e+00 5.578260723737041848e-01
1.959999999999999964e+00 5.589104767707254728e-01
1.969999999999999973e+00 5.599920593401718216e-01
1.979999999999999982e+00 5.610693261701669154e-01
1.989999999999999991e+00 5.621408130287399718e-01
2.000000000000000000e+00 5.632050862706120542e-01
2.010000000000000231e+00 5.642607437789871616e-01
2.020000000000000018e+00 5.653064159399072697e-01
2.030000000000000249e+00 5.663407666466274692e-01
2.040000000000000036e+00 5.673624943312400859e-01
2.049999999999999822e+00 5.683703330206401061e-01
2.060000000000000053e+00 5.693630534137706922e-01
2.069999999999999840e+00 5.703394639768910590e-01
2.080000000000000071e+00 5.712984120535102850e-01
2.089999999999999858e+00 5.722387849854153608e-01
2.100000000000000089e+00 5.731595112411341786e-01
2.109999999999999876e+00 5.740595615479816560e-01
2.120000000000000107e+00 5.749379500237441487e-01
2.129999999999999893e+00 5.757937353038795614e-01
2.140000000000000124e+00 5.766260216600289645e-01
2.149999999999999911e+00 5.774339601054692128e-01
2.160000000000000142e+00 5.782167494830736665e-01
2.169999999999999929e+00 5.789736375311864691e-01
2.180000000000000160e+00 5.797039219227710927e-01
2.189999999999999947e+00 5.804069512730526403e-01
2.200000000000000178e+00 5.810821261108515268e-01
2.209999999999999964e+00 5.817288998086733720e-01
2.220000000000000195e+00 5.823467794666206121e-01
2.229999999999999982e+00 5.829353267450904097e-01
2.240000000000000213e+00 5.834941586412378811e-01
2.250000000000000000e+00 5.840229482041205955e-01
2.260000000000000231e+00 5.845214251834589536e-01
2.270000000000000018e+00 5.849893766069427237e-01
2.280000000000000249e+00 5.854266472810371047e-01
2.290000000000000036e+00 5.858331402102843199e-01
2.300000000000000266e+00 5.862088169301514773e-01
2.310000000000000053e+00 5.865536977485431569e-01
2.319999999999999840e+00 5.868678618912009926e-01
2.330000000000000071e+00 5.871514475463152083e-01
2.339999999999999858e+00 5.874046518038098519e-01
2.350000000000000089e+00 5.876277304849162331e-01
2.359999999999999876e+00 5.878209978578223804e-01
2.370000000000000107e+00 5.879848262353886135e-01
2.379999999999999893e+00 5.881196454511348204e-01
2.390000000000000124e+00 5.882259422099432866e-01
2.399999999999999911e+00 5.883042593102068007e-01
2.410000000000000142e+00 5.883551947344193289e-01
2.419999999999999929e+00 5.883794006055447223e-01
2.430000000000000160e+00 5.883775820068224416e-01
2.439999999999999947e+00 5.883504956630443150e-01
2.450000000000000178e+00 5.882989484817299219e-01
2.459999999999999964e+00 5.882237959530289828e-01
2.470000000000000195e+00 5.881259404076388808e-01
2.479999999999999982e+00 5.880063291324754138e-01
2.490000000000000213e+00 5.878659523443211521e-01
2.500000000000000000e+00 5.877058410222091300e-01
2.510000000000000231e+00 5.875270645997935359e-01
2.520000000000000018e+00 5.873307285195573657e-01
2.530000000000000249e+00 5.871179716512472391e-01
2.540000000000000036e+00 5.868899635775384205e-01
2.550000000000000266e+00 5.866479017505343840e-01
2.560000000000000053e+00 5.863930085233368672e-01
2.569999999999999840e+00 5.861265280615619577e-01
2.580000000000000071e+00 5.858497231403219097e-01
2.589999999999999858e+00 5.855638718328681769e-01
2.600000000000000089e+00 5.852702640977424098e-01
2.609999999999999876e+00 5.849701982719653914e-01
2.620000000000000107e+00 5.846649774784605791e-01
2.629999999999999893e+00 5.843559059565894831e-01
2.640000000000000124e+00 5.840442853253269284e-01
2.649999999999999911e+00 5.837314107892742632e-01
2.660000000000000142e+00 5.834185672983525084e-01
2.669999999999999929e+00 5.831070256726347267e-01
2.680000000000000160e+00 5.827980387044068289e-01
2.689999999999999947e+00 5.824928372501012586e-01
2.700000000000000178e+00 5.821926263253351941e-01
2.709999999999999964e+00 5.818985812167841720e-01
2.720000000000000195e+00 5.816118436251189738e-01
2.729999999999999982e+00 5.813335178536686021e-01
2.740000000000000213e+00 5.810646670578882844e-01
2.750000000000000000e+00 5.808063095710199741e-01
2.760000000000000231e+00 5.805594153216749875e-01
2.770000000000000018e+00 5.803249023592447209e-01
2.780000000000000249e+00 5.801036335032471181e-01
2.790000000000000036e+00 5.798964131328030458e-01
2.800000000000000266e+00 5.797039841324479470e-01
2.810000000000000053e+00 5.795270250104479492e-01
2.819999999999999840e+00 5.793661472056391704e-01
2.830000000000000071e+00 5.792218925985930245e-01
2.839999999999999858e+00 5.790947312426082405e-01
2.850000000000000089e+00 5.789850593296237413e-01
2.859999999999999876e+00 5.788931974056488183e-01
2.870000000000000107e+00 5.788193888497366046e-01
2.879999999999999893e+00 5.787637986298217463e-01
2.890000000000000124e+00 5.787265123479744533e-01
2.899999999999999911e+00 5.787075355867284943e-01
2.910000000000000142e+00 5.787067935671702523e-01
2.919999999999999929e+00 5.787241311283871648e-01
2.930000000000000160e+00 5.787593130367009175e-01
2.939999999999999947e+00 5.788120246318461115e-01
2.950000000000000178e+00 5.788818728158662275e-01
2.959999999999999964e+00 5.789683873890826282e-01
2.970000000000000195e+00 5.790710227359178175e-01
2.979999999999999982e+00 5.791891598617550097e-01
2.990000000000000213e+00 5.793221087803225311e-01
3.000000000000000000e+00 5.794691112493229879e-01
3.010000000000000231e+00 5.796293438502074791e-01
3.020000000000000018e+00 5.798019214061288507e-01
3.030000000000000249e+00 5.799859007301728653e-01
3.040000000000000036e+00 5.801802846940342651e-01
3.050000000000000266e+00 5.803840266053144070e-01
3.060000000000000053e+00 5.805960348796226356e-01
3.070000000000000284e+00 5.808151779916922441e-01
3.080000000000000071e+00 5.810402896877201462e-01
3.089999999999999858e+00 5.812701744391948200e-01
3.100000000000000089e+00 5.815036131165558508e-01
3.109999999999999876e+00 5.817393688591504519e-01
3.120000000000000107e+00 5.819761931161566704e-01
3.129999999999999893e+00 5.822128318314144790e-01
3.140000000000000124e+00 5.824480317434632681e-01
3.149999999999999911e+00 5.826805467705821195e-01
3.160000000000000142e+00 5.829091444491873997e-01
3.169999999999999929e+00 5.831326123927226268e-01
3.180000000000000160e+00 5.833497647370237127e-01
3.189999999999999947e+00 5.835594485372023188e-01
3.200000000000000178e+00 5.837605500803293435e-01
3.209999999999999964e+00 5.839520010775953729e-01
3.220000000000000195e+00 5.841327846992666606e-01
3.229999999999999982e+00 5.843019414155682378e-01
3.240000000000000213e+00 5.844585746067001431e-01
3.250000000000000000e+00 5.846018559054677599e-01
3.260000000000000231e+00 5.847310302365427148e-01
3.270000000000000018e+00 5.848454205171484954e-01
3.280000000000000249e+00 5.849444319849854690e-01
3.290000000000000036e+00 5.850275561204899555e-01
3.300000000000000266e+00 5.850943741320746572e-01
3.310000000000000053e+00 5.851445599747634452e-01
3.320000000000000284e+00 5.851778828747151717e-01
3.330000000000000071e+00 5.851942093343915907e-01
3.339999999999999858e+00 5.851935045956896397e-01
3.350000000000000089e+00 5.851758335411313405e-01
3.359999999999999876e+00 5.851413610161870782e-01
3.370000000000000107e+00 5.850903515590526460e-01
3.379999999999999893e+00 5.850231685275759652e-01
3.390000000000000124e+00 5.849402726166642585e-01
3.399999999999999911e+00 5.848422197632171526e-01
3.410000000000000142e+00 5.847296584395733632e-01
3.419999999999999929e+00 5.846033263404399882e-01
3.430000000000000160e+00 5.844640464724191187e-01
3.439999999999999947e+00 5.843127226594149182e-01
3.450000000000000178e+00 5.841503344814278353e-01
3.459999999999999964e+00 5.839779316684955424e-01
3.470000000000000195e+00 5.837966279757381693e-01
3.479999999999999982e+00 5.836075945696543865e-01
3.490000000000000213e+00 5.834120529598778582e-01
3.500000000000000000e+00 5.832112675145932901e-01
3.510000000000000231e+00 5.830065376016039247e-01
3.520000000000000018e+00 5.827991894007022999e-01
3.530000000000000249e+00 5.825905674363773823e-01
3.540000000000000036e+00 5.823820258830880725e-01
3.550000000000000266e+00 5.821749196981704788e-01
3.560000000000000053e+00 5.819705956400372804e-01
3.570000000000000284e+00 5.817703832315166412e-01
3.580000000000000071e+00 5.815755857300197729e-01
3.589999999999999858e+00 5.813874711676523255e-01
3.600000000000000089e+00 5.812072635253824338e-01
3.609999999999999876e+00 5.810361341059260276e-01
3.620000000000000107e+00 5.808751931700858462e-01
3.629999999999999893e+00 5.807254819008598190e-01
3.640000000000000124e+00 5.805879647587273151e-01
3.649999999999999911e+00 5.804635222900896840e-01
3.660000000000000142e+00 5.803529444488972899e-01
3.669999999999999929e+00 5.802569244890338762e-01
3.680000000000000160e+00 5.801760534820417092e-01
3.689999999999999947e+00 5.801108155112966180e-01
3.700000000000000178e+00 5.800615835897410255e-01
3.709999999999999964e+00 5.800286163438158615e-01
3.720000000000000195e+00 5.800120555013166257e-01
3.729999999999999982e+00 5.800119242155129529e-01
3.740000000000000213e+00 5.800281262521129744e-01
3.750000000000000000e+00 5.800604460595226719e-01
3.760000000000000231e+00 5.801085497363492882e-01
3.770000000000000018e+00 5.801719869033765686e-01
3.780000000000000249e+00 5.802501934802080097e-01
3.790000000000000036e+00 5.803424953596006963e-01
3.800000000000000266e+00 5.804481129651981597e-01
3.810000000000000053e+00 5.805661666709485136e-01
3.820000000000000284e+00 5.806956830531143643e-01
3.830000000000000071e+00 5.808356019383873470e-01
3.839999999999999858e+00 5.809847842043807109e-01
3.850000000000000089e+00 5.811420202817096925e-01
3.859999999999999876e+00 5.813060393000250015e-01
3.870000000000000107e+00 5.814755188138674979e-01
3.879999999999999893e+00 5.816490950380626135e-01
3.890000000000000124e+00 5.818253735167033813e-01
3.899999999999999911e+00 5.820029401445703243e-01
3.910000000000000142e+00 5.821803724552441217e-01
3.919999999999999929e+00 5.823562510861658437e-01
3.930000000000000160e+00 5.825291713276147254e-01
3.939999999999999947e+00 5.826977546599939606e-01
3.950000000000000178e+00 5.828606601820270905e-01
3.959999999999999964e+00 5.830165958314905694e-01
3.970000000000000195e+00 5.831643292999721950e-01
3.979999999999999982e+00 5.833026985439029310e-01
3.990000000000000213e+00 5.834306217957317964e-01
4.000000000000000000e+00 5.835471069816769996e-01
4.009999999999999787e+00 5.836512604558977690e-01
4.020000000000000462e+00 5.837422949653185977e-01
4.030000000000000249e+00 5.838195367645382383e-01
4.040000000000000036e+00 5.838824318063551289e-01
4.049999999999999822e+00 5.839305509403694971e-01
4.060000000000000497e+00 5.839635940598091324e-01
4.070000000000000284e+00 5.839813931451879325e-01
4.080000000000000071e+00 5.839839141624969532e-01
4.089999999999999858e+00 5.839712577833633400e-01
4.099999999999999645e+00 5.839436589048634385e-01
4.110000000000000320e+00 5.839014849573584964e-01
4.120000000000000107e+00 5.838452329997960710e-01
4.129999999999999893e+00 5.837755256132012294e-01
4.139999999999999680e+00 5.836931056145613361e-01
4.150000000000000355e+00 5.835988296248166840e-01
4.160000000000000142e+00 5.834936605360921957e-01
4.169999999999999929e+00 5.833786589345855145e-01
4.179999999999999716e+00 5.832549735464799268e-01
4.190000000000000391e+00 5.831238307847941282e-01
4.200000000000000178e+00 5.829865234851133726e-01
4.209999999999999964e+00 5.828443989275076120e-01
4.219999999999999751e+00 5.826988462505552357e-01
4.230000000000000426e+00 5.825512833711676830e-01
4.240000000000000213e+00 5.824031435306664672e-01
4.250000000000000000e+00 5.822558615933242088e-01
4.259999999999999787e+00 5.821108602281543920e-01
4.270000000000000462e+00 5.819695361080992058e-01
4.280000000000000249e+00 5.818332462628518220e-01
4.290000000000000036e+00 5.817032947222812167e-01
4.299999999999999822e+00 5.815809195867877035e-01
4.310000000000000497e+00 5.814672806588602194e-01
4.320000000000000284e+00 5.813634477666183020e-01
4.330000000000000071e+00 5.812703899052321654e-01
4.339999999999999858e+00 5.811889653157796820e-01
4.350000000000000533e+00 5.811199126134318771e-01
4.360000000000000320e+00 5.810638430678144450e-01
4.370000000000000107e+00 5.810212341281256743e-01
4.379999999999999893e+00 5.809924242741170142e-01
4.389999999999999680e+00 5.809776092614523657e-01
4.400000000000000355e+00 5.809768398164597558e-01
4.410000000000000142e+00 5.809900208208295114e-01
4.419999999999999929e+00 5.810169120117021357e-01
4.429999999999999716e+00 5.810571302068783250e-01
4.440000000000000391e+00 5.811101530487284839e-01
4.450000000000000178e+00 5.811753242440133027e-01
4.459999999999999964e+00 5.812518602603405915e-01
4.469999999999999751e+00 5.813388584236446333e-01
4.480000000000000426e+00 5.814353063449703152e-01
4.490000000000000213e+00 5.815400925892647566e-01
4.500000000000000000e+00 5.816520184839234497e-01
4.509999999999999787e+00 5.817698109507328796e-01
4.520000000000000462e+00 5.818921362317831525e-01
4.530000000000000249e+00 5.820176143680210190e-01
4.540000000000000036e+00 5.821448342786068597e-01
4.549999999999999822e+00 5.822723692801889950e-01
4.560000000000000497e+00 5.823987928778658896e-01
4.570000000000000284e+00 5.825226946539798778e-01
4.580000000000000071e+00 5.826426960771762253e-01
4.589999999999999858e+00 5.827574660523859862e-01
4.600000000000000533e+00 5.828657360326717773e-01
4.610000000000000320e+00 5.829663145162008453e-01
4.620000000000000107e+00 5.830581007560576845e-01
4.629999999999999893e+00 5.831400975171195933e-01
4.639999999999999680e+00 5.832114227228200054e-01
4.650000000000000355e+00 5.832713198451959791e-01
4.660000000000000142e+00 5.833191669041661864e-01
4.669999999999999929e+00 5.833544839562914142e-01
4.679999999999999716e+00 5.833769389693492791e-01
4.690000000000000391e+00 5.833863519965846178e-01
4.700000000000000178e+00 5.833826975834724982e-01
4.709999999999999964e+00 5.833661053599049628e-01
4.719999999999999751e+00 5.833368587917712178e-01
4.730000000000000426e+00 5.832953920876617904e-01
4.740000000000000213e+00 5.832422852786347534e-01
4.750000000000000000e+00 5.831782575114117240e-01
4.759999999999999787e+00 5.831041586177071467e-01
4.770000000000000462e+00 5.830209590443959922e-01
4.780000000000000249e+00 5.829297382505648217e-01
4.790000000000000036e+00 5.828316716979619061e-01
4.799999999999999822e+00 5.827280165805904799e-01
4.810000000000000497e+00 5.826200964569906438e-01
4.820000000000000284e+00 5.825092849648344506e-01
4.830000000000000071e+00 5.823969888115565485e-01
4.839999999999999858e+00 5.822846302466819779e-01
4.850000000000000533e+00 5.821736292310391025e-01
4.860000000000000320e+00 5.820653855250274011e-01
4.870000000000000107e+00 5.819612609223623334e-01
4.879999999999999893e+00 5.818625618571569014e-01
4.889999999999999680e+00 5.817705226107036109e-01
4.900000000000000355e+00 5.816862893399027401e-01
4.910000000000000142e+00 5.816109051418335563e-01
4.919999999999999929e+00 5.815452963586462687e-01
4.929999999999999716e+00 5.814902603137140913e-01
4.940000000000000391e+00 5.814464546539971357e-01
4.950000000000000178e+00 5.814143884549882735e-01
4.959999999999999964e+00 5.813944152235762663e-01
4.969999999999999751e+00 5.813867279109660169e-01
4.980000000000000426e+00 5.813913560226293686e-01
4.990000000000000213e+00 5.814081648854853013e-01
5.000000000000000000e+00 5.814368571044030709e-01
5.009999999999999787e+00 5.814769762110638673e-01
5.020000000000000462e+00 5.815279124785823761e-01
5.030000000000000249e+00 5.815889108454341816e-01
5.040000000000000036e+00 5.816590808626521669e-01
5.049999999999999822e+00 5.817374085492522662e-01
5.060000000000000497e+00 5.818227700129089408e-01
5.070000000000000284e+00 5.819139466664694504e-01
5.080000000000000071e+00 5.820096418462507026e-01
5.089999999999999858e+00 5.821084986157694097e-01
5.100000000000000533e+00 5.822091185188087437e-01
5.110000000000000320e+00 5.823100810290006146e-01
5.120000000000000107e+00 5.824099634296184824e-01
5.129999999999999893e+00 5.825073608473509967e-01
5.139999999999999680e+00 5.826009061576481463e-01
5.150000000000000355e+00 5.826892894770213660e-01
5.160000000000000142e+00 5.827712769594867170e-01
5.169999999999999929e+00 5.828457286203251320e-01
5.179999999999999716e+00 5.829116149204063291e-01
5.190000000000000391e+00 5.829680318585072074e-01
5.200000000000000178e+00 5.830142143371861430e-01
5.209999999999999964e+00 5.830495475896836366e-01
5.219999999999999751e+00 5.830735764808070432e-01
5.230000000000000426e+00 5.830860125234181845e-01
5.240000000000000213e+00 5.830867384837756795e-01
5.250000000000000000e+00 5.830758104830194855e-01
5.259999999999999787e+00 5.830534575381702833e-01
5.270000000000000462e+00 5.830200785236129279e-01
5.280000000000000249e+00 5.829762365725901230e-01
5.290000000000000036e+00 5.829226509772080789e-01
5.299999999999999822e+00 5.828601866842357815e-01
5.310000000000000497e+00 5.827898415219758821e-01
5.320000000000000284e+00 5.827127313300848321e-01
5.330000000000000071e+00 5.826300731988404147e-01
5.339999999999999858e+00 5.825431670563574471e-01
5.350000000000000533e+00 5.824533758711770703e-01
5.360000000000000320e+00 5.823621047628523284e-01
5.370000000000000107e+00 5.822707793342648541e-01
5.379999999999999893e+00 5.821808235559239320e-01
5.389999999999999680e+00 5.820936375440851629e-01
5.400000000000000355e+00 5.820105755809206194e-01
5.410000000000000142e+00 5.819329247258989701e-01
5.419999999999999929e+00 5.818618843629072002e-01
5.429999999999999716e+00 5.817985470174095175e-01
5.440000000000000391e+00 5.817438807621312380e-01
5.450000000000000178e+00 5.816987135085182059e-01
5.459999999999999964e+00 5.816637194547907841e-01
5.469999999999999751e+00 5.816394079301154818e-01
5.480000000000000426e+00 5.816261148386375757e-01
5.490000000000000213e+00 5.816239968674242755e-01
5.500000000000000000e+00 5.816330285792232768e-01
5.509999999999999787e+00 5.816530024651204167e-01
5.520000000000000462e+00 5.816835319842996732e-01
5.530000000000000249e+00 5.817240575689598403e-01
5.540000000000000036e+00 5.817738555228463282e-01
5.549999999999999822e+00 5.818320496926032703e-01
5.560000000000000497e+00 5.818976257431341947e-01
5.570000000000000284e+00 5.819694478221416611e-01
5.580000000000000071e+00 5.820462773559433867e-01
5.589999999999999858e+00 5.821267936791965081e-01
5.600000000000000533e+00 5.822096161661570735e-01
5.610000000000000320e+00 5.822933275012289744e-01
5.620000000000000107e+00 5.823764977023797584e-01
5.629999999999999893e+00 5.824577084931434889e-01
5.639999999999999680e+00 5.825355776077586478e-01
5.650000000000000355e+00 5.826087826098653721e-01
5.660000000000000142e+00 5.826760838083238081e-01
5.669999999999999929e+00 5.827363458641662275e-01
5.679999999999999716e+00 5.827885577004801032e-01
5.690000000000000391e+00 5.828318503519067662e-01
5.700000000000000178e+00 5.828655124221692185e-01
5.709999999999999964e+00 5.828890028561329872e-01
5.719999999999999751e+00 5.829019607768798350e-01
5.730000000000000426e+00 5.829042121873495574e-01
5.740000000000000213e+00 5.828957733895879789e-01
5.750000000000000000e+00 5.828768510316042484e-01
5.759999999999999787e+00 5.828478387513198467e-01
5.770000000000000462e+00 5.828093104480707165e-01
5.780000000000000249e+00 5.827620102734948349e-01
5.790000000000000036e+00 5.827068394943185625e-01
5.799999999999999822e+00 5.826448404383622881e-01
5.810000000000000497e+00 5.825771777909714011e-01
5.820000000000000284e+00 5.825051175608935150e-01
5.830000000000000071e+00 5.824300040813455981e-01
5.839999999999999858e+00 5.823532354527194421e-01
5.850000000000000533e+00 5.822762378671142436e-01
5.860000000000000320e+00 5.822004392809634332e-01
5.870000000000000107e+00 5.821272429197796860e-01
5.879999999999999893e+00 5.820580011079663496e-01
5.889999999999999680e+00 5.819939899164638941e-01
5.900000000000000355e+00 5.819363851114501829e-01
5.910000000000000142e+00 5.818862398685206161e-01
5.919999999999999929e+00 5.818444646888106808e-01
5.929999999999999716e+00 5.818118099168549939e-01
5.940000000000000391e+00 5.817888512150304337e-01
5.950000000000000178e+00 5.817759782970783888e-01
5.959999999999999964e+00 5.817733871641299626e-01
5.969999999999999751e+00 5.817810760220504251e-01
5.980000000000000426e+00 5.817988449898389147e-01
5.990000000000000213e+00 5.818262996365490825e-01
